row_id,predicted_label,prob_Graduate,prob_Enrolled,prob_Dropout
637,Dropout,0.0002769282677332531,0.0019325559016536613,0.9977905158306132
452,Dropout,0.00021818787237483868,0.002827062242381044,0.9969547498852441
714,Dropout,7.610069238145651e-05,0.0033544435725849737,0.9965694557350336
1344,Dropout,7.907002169633756e-05,0.004626189261872988,0.9952947407164308
778,Dropout,1.7558401200334345e-05,0.005029734622335841,0.994952706976464
136,Dropout,7.279101214270565e-05,0.0050436839850913715,0.9948835250027659
434,Dropout,0.00027966960207106376,0.0057248033080184455,0.9939955270899105
1490,Dropout,7.680865399670879e-05,0.005938604079138485,0.9939845872668648
480,Dropout,0.00204233756783459,0.004344608046374936,0.9936130543857905
1732,Dropout,0.0006145543797435885,0.006022515429783261,0.9933629301904732
1326,Dropout,8.090243755910695e-05,0.0072222741786042086,0.9926968233838366
1255,Dropout,0.0001077050911486334,0.007325852613588262,0.9925664422952631
1341,Dropout,0.0003570483675297504,0.007217439736202307,0.9924255118962678
651,Dropout,0.0022436426307777544,0.0055144389540554145,0.992241918415167
119,Dropout,1.444641467059681e-05,0.008242896517409599,0.9917426570679198
161,Dropout,9.165752617064698e-05,0.008203602821272546,0.9917047396525569
1606,Dropout,4.6402670837800214e-05,0.008431991809791295,0.9915216055193709
922,Dropout,1.4347267042490107e-05,0.00852874280182186,0.9914569099311356
1005,Dropout,0.00020285532834184424,0.009213751110416873,0.9905833935612413
430,Dropout,0.0008670269307005697,0.008613331155793833,0.9905196419135056
286,Dropout,7.947834483157086e-05,0.009501403400113743,0.9904191182550547
116,Dropout,6.384529202785299e-05,0.009625571754908756,0.9903105829530633
100,Dropout,0.0013864764754849767,0.008447970779051614,0.9901655527454635
1279,Dropout,0.00021287745513648093,0.009698521317175472,0.9900886012276882
438,Dropout,5.624442693603153e-06,0.0102425749621042,0.9897518005952023
69,Dropout,0.00036963008243696705,0.010041365385722907,0.9895890045318401
549,Dropout,9.278947496744621e-05,0.01037589945212765,0.989531311072905
1053,Dropout,0.0024048081381190887,0.009148372518407237,0.9884468193434737
273,Dropout,0.0011689185643013785,0.011064486507622902,0.9877665949280756
940,Dropout,6.541149711836333e-05,0.012473392035387219,0.9874611964674943
49,Dropout,0.0038048798286273245,0.008778738475666693,0.9874163816957059
1630,Dropout,0.00017725901044886942,0.012416490588490474,0.9874062504010607
296,Dropout,0.0021439122326546425,0.010666576393590763,0.9871895113737547
531,Dropout,6.823227406897743e-05,0.01278471843941466,0.9871470492865163
858,Dropout,0.001944248040556685,0.011210395699393265,0.98684535626005
245,Dropout,0.00012929777591793993,0.013344990935522272,0.9865257112885598
322,Dropout,0.0008807013578180212,0.012608099462762744,0.9865111991794193
1148,Dropout,0.0021011767306996173,0.01154011001420712,0.9863587132550932
542,Dropout,0.004085400428092002,0.009636422996004779,0.9862781765759033
686,Dropout,0.001502316698427744,0.012283754076910946,0.9862139292246612
574,Dropout,0.0007539285844106516,0.013273274660098278,0.9859727967554911
312,Dropout,0.0004421766863442341,0.013666915541455545,0.9858909077722003
414,Dropout,9.708725940833228e-06,0.014587877286808664,0.9854024139872505
1109,Dropout,0.0018119965045124294,0.013360877851174199,0.9848271256443134
102,Dropout,0.00011040778268877123,0.01522787906863904,0.9846617131486722
915,Dropout,0.0006936115009589962,0.015052294022680657,0.9842540944763604
1064,Dropout,0.00011246040396369045,0.015939880400156873,0.9839476591958793
675,Dropout,6.924003366075025e-05,0.016157587870068373,0.9837731720962709
548,Dropout,0.0033155675372913396,0.01342769017799076,0.9832567422847179
1430,Dropout,0.0003118916429715251,0.016437269710806283,0.9832508386462221
262,Dropout,0.0005096632453227324,0.016538263650625565,0.9829520731040516
723,Dropout,0.001075723755471586,0.01629057936959195,0.9826336968749364
847,Dropout,5.2160133441608615e-05,0.01785154248842056,0.9820962973781379
455,Dropout,0.001347669933152853,0.016556956354697804,0.9820953737121494
752,Dropout,6.316553086269221e-05,0.0179632232133346,0.9819736112558027
1595,Dropout,0.00017272230648121694,0.018307805260594133,0.9815194724329247
586,Dropout,0.0027602148381097036,0.015775328404516946,0.9814644567573733
1365,Dropout,1.664213943897381e-05,0.018578341439550648,0.9814050164210104
946,Dropout,6.647590709565344e-05,0.018608611948831292,0.981324912144073
806,Dropout,0.001053879634743646,0.017757055823348033,0.9811890645419085
118,Dropout,8.549889352064051e-06,0.019242519061232564,0.9807489310494154
1125,Dropout,0.00016766264935320292,0.01909379719910984,0.980738540151537
1066,Dropout,0.0038038011424905006,0.015587719811218034,0.9806084790462914
581,Dropout,0.0003283971634754237,0.019241769639352334,0.9804298331971723
330,Dropout,9.592474639665147e-05,0.01962964815645845,0.980274427097145
1398,Dropout,0.00011917516003407972,0.01987983512067873,0.9800009897192872
248,Dropout,0.0001630575916095522,0.019858803784478518,0.9799781386239119
823,Dropout,0.00043710054508000126,0.020383989854178837,0.9791789096007413
561,Dropout,0.00011745900668795569,0.02113795235769443,0.9787445886356175
180,Dropout,0.00012925538345998604,0.02113672582679022,0.9787340187897496
1761,Dropout,0.004337406195885148,0.017026852435340648,0.9786357413687742
1268,Dropout,0.003183500318076183,0.01819721205879063,0.9786192876231332
282,Dropout,9.025128709323947e-05,0.021315622509686195,0.9785941262032205
591,Dropout,8.88668645641957e-06,0.021717374279852635,0.9782737390336911
208,Dropout,0.0002445732475869246,0.02213027365605476,0.9776251530963583
1547,Dropout,0.0003129637052516309,0.022941851362172163,0.9767451849325761
318,Dropout,0.0006339864707184148,0.023387077779781905,0.9759789357494998
545,Dropout,0.002667745538376009,0.021597931684548294,0.9757343227770757
1766,Dropout,0.0001950398204891646,0.02468926601709163,0.9751156941624192
1191,Dropout,0.00011590000516216247,0.025347626008241628,0.9745364739865963
1444,Dropout,0.001647806181902689,0.024072756174458535,0.9742794376436389
1131,Dropout,9.761946942311445e-05,0.025695746455428832,0.9742066340751481
68,Dropout,0.0030575810468464913,0.023352782471206188,0.9735896364819474
622,Dropout,0.00015403092330396054,0.026737340702470982,0.9731086283742251
1112,Dropout,0.0029703318688213787,0.02531743041712984,0.9717122377140488
546,Dropout,0.007270509537269484,0.021591928050863303,0.9711375624118672
238,Dropout,0.00474676830211695,0.02452856851870845,0.9707246631791746
780,Dropout,0.0008730694752938279,0.028503382010205514,0.9706235485145007
268,Dropout,7.342455696042638e-05,0.02983548948982104,0.9700910859532186
359,Dropout,3.50892096956693e-05,0.030275480776087212,0.9696894300142171
620,Dropout,0.00011832673947159187,0.03043861534684284,0.9694430579136856
1654,Dropout,0.0040286551380626,0.02728631652196996,0.9686850283399675
1705,Dropout,7.578717574712597e-05,0.03124778784730192,0.9686764249769511
1656,Dropout,0.007373772560996891,0.02462127140644959,0.9680049560325535
848,Dropout,0.00013151414992804258,0.03212796949595545,0.9677405163541166
483,Dropout,3.687738865541056e-05,0.032705333910028875,0.9672577887013156
590,Dropout,0.0007233734967242923,0.03222353083869549,0.9670530956645803
1571,Dropout,0.00036833895720872565,0.03337011582241979,0.9662615452203714
242,Dropout,0.006312789948350463,0.027472883457396444,0.9662143265942531
458,Dropout,0.007511794092089681,0.026427154568027703,0.9660610513398826
1701,Dropout,0.00017471072402411062,0.034583784283817545,0.9652415049921582
648,Dropout,0.002933665884129193,0.032131376036851754,0.9649349580790192
643,Dropout,0.0005460201327673716,0.03456590808637413,0.9648880717808584
1208,Dropout,0.0002779400751774536,0.03573478427475835,0.9639872756500643
664,Dropout,0.0037576535288194176,0.03335788539132868,0.9628844610798519
271,Dropout,5.182262896153243e-05,0.03709779141735055,0.9628503859536879
35,Dropout,0.008453960087914764,0.02914811815231742,0.9623979217597679
1736,Dropout,9.475761378513173e-05,0.03860663930452666,0.9612986030816881
901,Dropout,0.0002552276372701833,0.03895983444954109,0.9607849379131889
1314,Dropout,7.848752161294837e-05,0.04249423415138379,0.9574272783270031
834,Dropout,1.3117902489748091e-05,0.042911518241706526,0.9570753638558037
614,Dropout,0.0007855004081904185,0.042163108176217996,0.9570513914155916
1297,Dropout,0.00484668903243007,0.0383844205219319,0.9567688904456381
1635,Dropout,0.0016678006942955623,0.04231304633327212,0.9560191529724325
128,Dropout,0.0002266825910138953,0.04412954572483457,0.9556437716841516
70,Dropout,1.7500169532081595e-05,0.04442137418022365,0.9555611256502442
1373,Dropout,5.3736684280955746e-05,0.04468155897815605,0.9552647043375628
663,Dropout,0.0006610936130815954,0.04456845794510134,0.954770448441817
1022,Dropout,0.007781203057149798,0.0375917485671206,0.9546270483757296
704,Dropout,0.004796624055452514,0.04083137884445421,0.9543719971000932
1075,Dropout,0.004070775923607239,0.04257107333069359,0.9533581507456993
865,Dropout,0.008910968413358264,0.03822099346442487,0.9528680381222168
111,Dropout,0.030374242643150782,0.016855162710627255,0.952770594646222
888,Dropout,0.001171850029451809,0.04648260401548419,0.952345545955064
1397,Dropout,0.005304730788251933,0.04260395586644824,0.9520913133452998
855,Dropout,7.827798806121066e-05,0.047979760130776886,0.9519419618811619
929,Dropout,0.01563676484255401,0.0327845826768629,0.9515786524805832
367,Dropout,0.00010328943998907383,0.04865002201373723,0.9512466885462738
399,Dropout,0.0002500616165587812,0.04890059097951987,0.9508493474039214
235,Dropout,0.0007909721477052827,0.048559936247839476,0.9506490916044552
592,Dropout,0.032581920924880645,0.017933295061016027,0.9494847840141033
1729,Dropout,0.010819612491319948,0.04085323022857252,0.9483271572801074
155,Dropout,4.9159532650858e-05,0.05242648209345596,0.9475243583738933
979,Dropout,0.0002618054327017435,0.05688249472276869,0.9428556998445294
742,Dropout,0.016112338685377932,0.04121352493948642,0.9426741363751356
732,Dropout,0.0050905735047033305,0.0529534599931407,0.941955966502156
366,Dropout,0.003939560232954286,0.05513824410838503,0.9409221956586608
599,Dropout,0.0010672897063515481,0.06097391726976996,0.9379587930238785
460,Dropout,0.01664689382876109,0.04557604099971608,0.9377770651715228
461,Dropout,0.00039024485764688237,0.06437053558090128,0.9352392195614518
380,Dropout,0.00021853298519943529,0.06478870001674579,0.9349927669980547
958,Dropout,8.457043435299461e-05,0.06505724275963207,0.934858186806015
123,Dropout,2.4244299944462653e-05,0.06597147212503043,0.9340042835750252
1019,Dropout,0.00182156376471093,0.06539692320990892,0.9327815130253801
1232,Dropout,0.01286226013355288,0.0560938214185017,0.9310439184479454
1093,Dropout,0.0034036097442515668,0.06694047658824362,0.9296559136675048
1275,Dropout,0.0001707961741029582,0.07024011075770016,0.9295890930681969
1174,Dropout,0.002632636182447097,0.07028504857549601,0.9270823152420569
1201,Dropout,0.001539392486911585,0.07294016690518988,0.9255204406078985
1645,Dropout,0.00035466600727524064,0.0753028418847823,0.9243424921079425
596,Dropout,0.010411377636149972,0.06649803389621223,0.9230905884676377
1271,Dropout,0.005039395357170646,0.07349763609664664,0.9214629685461827
394,Dropout,0.028083739105846956,0.05198556756487589,0.9199306933292771
671,Dropout,0.03705210707059562,0.045522927872608164,0.9174249650567962
684,Dropout,0.0021901480969948378,0.08283455780449768,0.9149752940985074
1510,Dropout,0.0017137415535040993,0.08338643509135643,0.9148998233551395
393,Dropout,0.0046089741497898525,0.08300153688348971,0.9123894889667203
1495,Dropout,0.005549442348528765,0.08325121252329186,0.9111993451281795
883,Dropout,0.003701476466573383,0.08724002851911924,0.9090584950143075
389,Dropout,0.057492638301190176,0.03382678615739413,0.9086805755414157
1666,Dropout,0.010715758350473467,0.08143144440713487,0.9078527972423917
60,Dropout,0.04257134769245995,0.0510047622318824,0.9064238900756576
938,Dropout,0.006240758219305795,0.0899030823022352,0.903856159478459
1570,Dropout,0.0015837100935397494,0.09492605889662001,0.9034902310098403
1105,Dropout,0.04722227964214399,0.04990442522588575,0.9028732951319703
882,Dropout,0.0009890713086947885,0.0976645896962477,0.9013463389950575
1073,Dropout,0.0005430519478904508,0.09889939611018611,0.9005575519419234
1386,Dropout,0.0032365613642442942,0.09705692724153943,0.8997065113942163
1009,Dropout,0.0024202097400229643,0.09994626639656275,0.8976335238634143
1668,Dropout,0.0011375139448038174,0.10349420206999008,0.8953682839852061
32,Dropout,0.005835082928453173,0.09901212397275516,0.8951527930987916
662,Dropout,0.002281967302144335,0.10274539971785604,0.8949726329799996
594,Dropout,0.001197446452456834,0.10446080807091902,0.8943417454766242
1218,Dropout,0.062441084657734895,0.04393880617826561,0.8936201091639996
820,Dropout,3.7530308473669475e-05,0.10786954173978179,0.8920929279517446
610,Dropout,0.08744976739196948,0.020752979874224066,0.8917972527338064
46,Dropout,0.0005553086372459962,0.10862396833234664,0.8908207230304074
1611,Dropout,0.008876628625605454,0.10059065420649778,0.8905327171678967
1646,Dropout,0.000848576494453797,0.10902179245088199,0.8901296310546642
371,Dropout,0.005988657286028636,0.1044210241752728,0.8895903185386986
231,Dropout,0.06240582645588106,0.048770803751296235,0.8888233697928227
952,Dropout,0.007356884168210729,0.10482256415516761,0.8878205516766217
227,Dropout,0.011529856050928789,0.10072214694573285,0.8877479970033383
948,Dropout,0.006189145320939854,0.10619769533320596,0.8876131593458543
575,Dropout,0.0037288992689520494,0.10947002685072489,0.8868010738803229
99,Dropout,0.07450507938472073,0.03893890262191213,0.8865560179933671
410,Dropout,0.0006854940323863575,0.11475928644273768,0.8845552195248759
482,Dropout,0.0015399065723945699,0.1143677374612603,0.8840923559663452
1194,Dropout,0.005423604772485806,0.11122866647094116,0.883347728756573
375,Dropout,0.005522492720554796,0.11264948581984725,0.8818280214595979
195,Dropout,0.005103489684446722,0.11320555135973584,0.8816909589558174
1163,Dropout,0.013953182263170123,0.10455911223914453,0.8814877054976853
462,Dropout,0.0002517985084383866,0.12157324890798298,0.8781749525835786
1680,Dropout,0.012652343440381799,0.11207974606756772,0.8752679104920505
1332,Dropout,0.005562046442748845,0.1192258811951937,0.8752120723620576
871,Dropout,0.06009510728522557,0.06634703761684416,0.8735578550979303
886,Dropout,0.019823955083275713,0.10753283914618651,0.8726432057705378
1024,Dropout,0.001274564908250611,0.12746506280676018,0.8712603722849892
350,Dropout,0.0037831079214532626,0.12698748897706555,0.8692294031014811
1415,Dropout,0.004537668280401465,0.12713109897865413,0.8683312327409444
912,Dropout,0.0027415850489887956,0.1294443497361153,0.867814065214896
1594,Dropout,0.048009508077552776,0.08459153627515285,0.8673989556472945
1103,Dropout,0.019047099193946353,0.11358557285529405,0.8673673279507595
1550,Dropout,0.0010410461870567166,0.1332238210239608,0.8657351327889825
1166,Dropout,0.07330308871835388,0.061220306343469325,0.8654766049381769
1509,Dropout,0.03919690307498526,0.09533064510496182,0.8654724518200531
1141,Dropout,0.018023696665068218,0.11714217421485124,0.8648341291200806
1765,Dropout,0.01400708587246517,0.12180897460591412,0.8641839395216206
1182,Dropout,0.0036284391826555164,0.13287103758797383,0.8635005232293707
1675,Dropout,0.001976568096437697,0.13980953481014274,0.8582138970934196
1708,Dropout,0.02935020104507768,0.11266779939147661,0.8579819995634456
562,Dropout,0.0012311290706350161,0.14154862718130462,0.8572202437480603
255,Dropout,0.003877606182395586,0.14140509149584515,0.8547173023217594
1250,Dropout,0.04521222016811929,0.10067220519394984,0.854115574637931
602,Dropout,0.007301316998361394,0.13887043842158042,0.8538282445800582
904,Dropout,0.08681858156049035,0.059449086666879807,0.8537323317726299
233,Dropout,0.005231353331757874,0.14112678284441613,0.8536418638238259
500,Dropout,0.03684441116619092,0.10951392110241676,0.8536416677313924
1575,Dropout,0.003234727210498515,0.14338788097331392,0.8533773918161875
1417,Dropout,0.0009183512954648274,0.14700143040739427,0.852080218297141
1472,Dropout,0.008518813879796442,0.14085114132499496,0.8506300447952085
14,Dropout,0.03411256723938169,0.11554310476655119,0.8503443279940672
1203,Dropout,0.012592871157392209,0.13999624756995668,0.8474108812726511
504,Dropout,0.006939444161333949,0.14588727862482,0.847173277213846
1690,Dropout,0.008994386751341711,0.14504668763468762,0.8459589256139707
1638,Dropout,0.014792552749892982,0.13982722178119275,0.8453802254689142
1569,Dropout,0.03736370778416403,0.1178648249872741,0.8447714672285618
1658,Dropout,0.010515556197575614,0.14754694884439926,0.8419374949580252
935,Dropout,0.0007494237802399375,0.15806800174616822,0.8411825744735918
914,Dropout,0.010097688750905907,0.15037880373205556,0.8395235075170385
397,Dropout,0.0002430134227004247,0.16082078657869214,0.8389361999986075
1315,Dropout,0.005787085663606321,0.15612980774086813,0.8380831065955257
1318,Dropout,0.014774773424586158,0.14817214250972519,0.8370530840656887
836,Dropout,0.10120123815376444,0.0651029891666819,0.8336957726795536
1522,Dropout,0.00344750210684768,0.1640588792468518,0.8324936186463004
314,Dropout,0.05793574617359808,0.10993969716941976,0.8321245566569823
31,Dropout,0.021636772309011437,0.14629198924476228,0.8320712384462262
758,Dropout,0.0179012889669816,0.1511201028671258,0.8309786081658925
1607,Dropout,0.0969514727262489,0.07290728881406838,0.8301412384596828
1339,Dropout,0.00394861171330676,0.1662119586884435,0.8298394295982497
1559,Dropout,0.0031330284874581623,0.16708911797149012,0.8297778535410517
779,Dropout,0.019137930532669656,0.15160995807335384,0.8292521113939766
385,Dropout,0.014430743268253237,0.15654501302913124,0.8290242437026155
872,Dropout,0.06850894915860019,0.10319898960512769,0.8282920612362722
1432,Dropout,0.006032362983790049,0.16571766340017946,0.8282499736160305
310,Dropout,0.009886010685214306,0.16210527373167316,0.8280087155831125
476,Dropout,0.09849570863303264,0.07708695563791032,0.8244173357290571
1211,Dropout,0.0018038000013965816,0.17383592492382083,0.8243602750747826
1,Dropout,0.01665325682765615,0.15986101933723898,0.8234857238351048
1366,Dropout,0.027746412831125968,0.14883113844162424,0.8234224487272498
890,Dropout,0.02358200991018923,0.15565127677701232,0.8207667133127984
1419,Dropout,0.09282538823090777,0.08729414613162267,0.8198804656374696
481,Dropout,0.0026914247799241075,0.177647276837415,0.8196612983826609
838,Dropout,0.09499416388691298,0.08594806578928424,0.8190577703238027
469,Dropout,0.04217852136128169,0.13894619754114154,0.8188752810975768
150,Dropout,0.10481758243713013,0.07814347144290215,0.8170389461199676
963,Dropout,0.11065226694189002,0.07279811833689986,0.81654961472121
894,Dropout,0.10866503723978062,0.07500951319798826,0.8163254495622311
353,Dropout,0.10113375862144493,0.08448587547396073,0.8143803659045943
1513,Dropout,0.010148219631202252,0.17683185655140485,0.813019923817393
78,Dropout,0.011220348709064213,0.17728445057624653,0.8114952007146893
418,Dropout,0.0737118892749513,0.1147954162799087,0.81149269444514
1000,Dropout,0.012893923815683555,0.17656334740260157,0.8105427287817148
215,Dropout,0.0065143087293602995,0.1839139517071637,0.809571739563476
632,Dropout,0.09475099963281623,0.09593093766120929,0.8093180627059745
1225,Dropout,0.011296944514742224,0.17963531424071652,0.8090677412445412
608,Dropout,0.09869870768749606,0.09311748730140365,0.8081838050111003
959,Dropout,0.10871995767681354,0.08322634313057846,0.8080536991926079
1349,Dropout,0.021297330307283813,0.17079268775735434,0.8079099819353618
653,Dropout,0.12592132629969868,0.0677720112602463,0.806306662440055
1649,Dropout,0.11170053633563722,0.08254739707396355,0.8057520665903992
27,Dropout,0.11411721916994781,0.08023228909739255,0.8056504917326596
772,Dropout,0.001997126009555573,0.1926060234481945,0.80539685054225
1335,Dropout,0.011669065868535444,0.18350491455195228,0.8048260195795124
1734,Dropout,0.0806420307634871,0.11557591974165292,0.80378204949486
1346,Dropout,0.01134224478857953,0.18489430655500344,0.803763448656417
1540,Dropout,0.11661150901351824,0.07993556782245806,0.8034529231640236
1144,Dropout,0.10446272193717607,0.09239221798767264,0.8031450600751512
1028,Dropout,0.0016351244558505664,0.19651361734767075,0.8018512581964786
1359,Dropout,0.009018295833515225,0.18978536877623736,0.8011963353902475
949,Dropout,0.008905613837219283,0.19004821404043235,0.8010461721223484
579,Dropout,0.08310259304484835,0.11637891331054599,0.8005184936446056
640,Dropout,0.0017557997602343164,0.20148791688491757,0.796756283354848
1551,Dropout,0.014629261053059483,0.18936780745743478,0.7960029314895056
825,Dropout,0.1273671047626942,0.07678267012513416,0.7958502251121717
1612,Dropout,0.0712476357875049,0.13428632093854434,0.7944660432739509
1441,Dropout,0.008017265836530096,0.19912888530663878,0.7928538488568311
1246,Dropout,0.004992164059648891,0.20297548189667503,0.792032354043676
147,Dropout,0.10862274670547545,0.10110916223037776,0.7902680910641467
216,Dropout,0.0065767249261614626,0.20330043356571761,0.790122841508121
771,Dropout,0.004844458161159458,0.20592080513712388,0.7892347367017166
332,Dropout,0.12187337066067638,0.08892915454864275,0.7891974747906808
1423,Dropout,0.016069615715174807,0.1947610505388824,0.7891693337459428
506,Dropout,0.00223487147247754,0.20907158697315242,0.78869354155437
1527,Dropout,0.05996257664089709,0.1514074387584824,0.7886299846006205
207,Dropout,0.04289179119473175,0.17003268830546614,0.7870755204998021
1500,Dropout,0.0010442060509919427,0.21424628480571012,0.784709509143298
765,Dropout,0.007061249404116409,0.2100780927982692,0.7828606577976145
1202,Dropout,0.0064185950195833966,0.21102137509869084,0.7825600298817258
1393,Dropout,0.09651489218108068,0.12170229673662093,0.7817828110822983
972,Dropout,0.009868183674837189,0.20848263945766504,0.7816491768674977
191,Dropout,0.13824808766560917,0.08107828506941511,0.7806736272649758
471,Dropout,0.019781360694722812,0.2001083500204305,0.7801102892848466
928,Dropout,0.040265849536621906,0.17965589157605963,0.7800782588873185
722,Dropout,0.03791094011937423,0.18353013302927443,0.7785589268513513
1007,Dropout,0.002572996938389454,0.21893965529502726,0.7784873477665833
1525,Dropout,0.0058896132608285134,0.2165052827079437,0.7776051040312277
431,Dropout,0.09607070047335715,0.1266760424859544,0.7772532570406884
1172,Dropout,0.09050013283102666,0.13235577440717017,0.7771440927618031
854,Dropout,0.030459831250763035,0.19265270558434025,0.7768874631648967
141,Dropout,0.09143691600741755,0.1321443648270387,0.7764187191655438
784,Dropout,0.022303441342112387,0.2019341304930909,0.7757624281647967
1616,Dropout,0.0111376070499533,0.21662722105394502,0.7722351718961017
1514,Dropout,0.13541943379664306,0.09370161073398736,0.7708789554693696
1152,Dropout,0.03823685454626914,0.19118102449364843,0.7705821209600824
689,Dropout,0.023139721599473924,0.2063855205179327,0.7704747578825935
1274,Dropout,0.003997516336721806,0.22764953869316254,0.7683529449701157
1067,Dropout,0.000713650852235376,0.23096062554288702,0.7683257236048777
1227,Dropout,0.004920754437538062,0.22696950703376328,0.7681097385286987
786,Dropout,0.10734664725388102,0.12483860459191513,0.7678147481542038
1506,Dropout,0.010981676712435263,0.22155511233653022,0.7674632109510344
875,Dropout,0.023315206150167918,0.209402540164258,0.7672822536855741
1151,Dropout,0.0883686235091719,0.14449579809520077,0.7671355783956273
1489,Dropout,0.0003255604237406561,0.2325483532064436,0.7671260863698158
1512,Dropout,0.14339228686248415,0.08960596765337167,0.7670017454841442
748,Dropout,0.14794901381277087,0.08509090779988426,0.7669600783873449
343,Dropout,0.021345827813913178,0.21329443854519728,0.7653597336408896
1061,Dropout,0.16231798753703439,0.07511321512869816,0.7625687973342675
405,Dropout,0.004549255194030142,0.23299300299430326,0.7624577418116666
1567,Dropout,0.08047766707313479,0.1584578105572668,0.7610645223695985
1481,Dropout,0.11760101126147193,0.12207252439119945,0.7603264643473286
1096,Dropout,0.004603765925381533,0.23518259155915225,0.7602136425154662
1229,Dropout,0.16209506086011236,0.07949036519498551,0.7584145739449022
364,Dropout,0.11395212418145013,0.129398665369382,0.7566492104491678
811,Dropout,0.025273461109228297,0.2187916869032358,0.7559348519875358
895,Dropout,0.016882106120229355,0.22746526024548291,0.7556526336342877
515,Dropout,0.007668689344531343,0.23700394330538307,0.7553273673500854
284,Dropout,0.13864283259430318,0.10619018519072349,0.7551669822149735
992,Dropout,0.13154908408093666,0.11366360960422645,0.754787306314837
1376,Dropout,0.07511953550613845,0.17100276521728694,0.7538776992765746
285,Dropout,0.12837411158810055,0.11806585987767357,0.7535600285342258
1709,Dropout,0.1273730789613949,0.12039478772022391,0.7522321333183812
307,Dropout,0.017549912830640137,0.2313658203489127,0.7510842668204472
1533,Dropout,0.007157025562138792,0.2421153771958501,0.7507275972420111
715,Dropout,0.1464315680489746,0.10327264231688162,0.7502957896341438
326,Dropout,0.011262496362888608,0.23952841419756335,0.7492090894395481
943,Dropout,0.013216950687739626,0.240048680962473,0.7467343683497875
1234,Dropout,0.1591637229252864,0.09509481562604821,0.7457414614486655
1579,Dropout,0.02986080838117059,0.22510273492392824,0.7450364566949012
705,Dropout,0.1253925182343371,0.13112918314442357,0.7434782986212394
42,Dropout,0.11943549441271305,0.13760843074884696,0.7429560748384401
583,Dropout,0.019576305742811256,0.2380262604668026,0.7423974337903863
636,Dropout,0.13725765923821068,0.12162651880580155,0.7411158219559877
1023,Dropout,0.16303712406355322,0.09702214263581518,0.7399407333006315
522,Dropout,0.047430910943909284,0.21309567493786874,0.739473414118222
804,Dropout,0.017581987935650648,0.24323874530599426,0.739179266758355
106,Dropout,0.00525937727933484,0.2556494464048395,0.7390911763158255
1528,Dropout,0.16104043030683662,0.0998933598395426,0.7390662098536207
812,Dropout,0.10184698055569351,0.15920943604165816,0.7389435834026484
1035,Dropout,0.1201051625867524,0.14232946862034201,0.7375653687929056
260,Dropout,0.03376193284828413,0.2287329292258164,0.7375051379258994
1100,Dropout,0.11535827066722842,0.14798835067300206,0.7366533786597695
1670,Dropout,0.14469650455129718,0.11909373726292737,0.7362097581857755
1389,Dropout,0.19985083667452463,0.06491037057791921,0.7352387927475561
357,Dropout,0.0015624611640206395,0.2635768214741595,0.7348607173618199
749,Dropout,0.16570657949405782,0.09970695616203436,0.7345864643439078
841,Dropout,0.07281396349165975,0.19263126789054655,0.7345547686177938
727,Dropout,0.19084529573657083,0.07594037709446966,0.7332143271689595
1484,Dropout,0.009111634545492985,0.2580009850223059,0.7328873804322011
706,Dropout,0.13618887399036106,0.13093013491909417,0.7328809910905447
698,Dropout,0.1755060987948507,0.09218601986498554,0.7323078813401638
1434,Dropout,0.1646237802041216,0.10385120244606122,0.7315250173498172
1161,Dropout,0.022810252460646593,0.24739186136270697,0.7297978861766464
110,Dropout,0.15104831951291559,0.11965871258632052,0.7292929679007639
1697,Dropout,0.0028299157862201815,0.2683699886932757,0.728800095520504
1454,Dropout,0.1652911177678987,0.10637127105820049,0.7283376111739007
1325,Dropout,0.15732164339720756,0.11707178853669015,0.7256065680661024
728,Dropout,0.14934955358220678,0.12668464973533383,0.7239657966824594
488,Dropout,0.11393839535072099,0.16220562996252652,0.7238559746867526
802,Dropout,0.08993677349667117,0.18765447065162003,0.7224087558517087
269,Dropout,0.0016634516011196192,0.27773520034668914,0.7206013480521912
1142,Dropout,0.19976952185114286,0.0797469383222616,0.7204835398265955
1502,Dropout,0.0015639062408595308,0.2800210917084106,0.71841500205073
977,Dropout,0.008472479347911432,0.2741857074573875,0.717341813194701
1266,Dropout,0.0016883288586802124,0.2823711638434444,0.7159405072978754
1536,Dropout,0.1578139602260468,0.12700899277781041,0.7151770469961428
1038,Dropout,0.16119768418697752,0.12446148343356113,0.7143408323794614
1375,Dropout,0.05507322297102452,0.23078167238332414,0.7141451046456513
3,Dropout,0.20476054030717675,0.08125670943341078,0.7139827502594124
1140,Dropout,0.18338467082232038,0.10290761114335628,0.7137077180343233
885,Dropout,0.04977307664713166,0.23672127586244185,0.7135056474904266
997,Dropout,0.0007605800744012248,0.28596268131343155,0.7132767386121672
1014,Dropout,0.08657000188758214,0.20126824188334153,0.7121617562290763
1095,Dropout,0.15487835461745358,0.13369532436529663,0.7114263210172498
344,Dropout,0.17035543497654043,0.12068564087659116,0.7089589241468683
947,Dropout,0.13396696262823093,0.15900331127428322,0.7070297260974859
1652,Dropout,0.1616100035528892,0.13179233773931628,0.7065976587077945
433,Dropout,0.18474250063230233,0.10934603485560702,0.7059114645120906
1684,Dropout,0.008315402411646916,0.28628931576929734,0.7053952818190558
844,Dropout,0.19304601658423123,0.1028072412548177,0.7041467421609511
1186,Dropout,0.14196657027657505,0.15495266624276183,0.7030807634806632
67,Dropout,0.1715578334613737,0.12558097378853286,0.7028611927500934
570,Dropout,0.0023830791937961017,0.29475938625812464,0.7028575345480792
336,Dropout,0.07128499376267726,0.2273004543294234,0.7014145519078994
801,Dropout,0.18141047833044735,0.11720230177305536,0.7013872198964972
558,Dropout,0.0936498727531825,0.20550771121548156,0.700842416031336
1037,Dropout,0.0008215176172126343,0.2987552167924152,0.7004232655903723
356,Dropout,0.021833506751749023,0.279000469492131,0.69916602375612
1329,Dropout,0.21526851566690128,0.08610746204013602,0.6986240222929627
1555,Dropout,0.0036304763393857535,0.3007624585441331,0.6956070651164812
944,Dropout,0.01855698438699953,0.2861733519885087,0.6952696636244917
1714,Dropout,0.18254860306092235,0.12300430925744463,0.6944470876816331
874,Dropout,0.18820780361916478,0.11807647002188262,0.6937157263589526
48,Dropout,0.1815718930231085,0.12493799624977169,0.6934901107271199
642,Dropout,0.029763570489471956,0.2792820870952767,0.6909543424152513
534,Dropout,0.012150007572508502,0.2982613176762851,0.6895886747512064
985,Dropout,0.13109658161706753,0.18137217606239345,0.6875312423205391
198,Dropout,0.007707475002642494,0.30477492609425183,0.6875175989031057
104,Dropout,0.01362843142889579,0.2991415941657195,0.6872299744053847
1251,Dropout,0.18350704062158543,0.13076129802793215,0.6857316613504824
1160,Dropout,0.2181920846290665,0.09687957987949292,0.6849283354914406
1042,Dropout,0.0671814769255982,0.249224404689907,0.6835941183844949
411,Dropout,0.02180560264367803,0.29647305538391966,0.6817213419724023
402,Dropout,0.1875213398639618,0.13288135289052477,0.6795973072455135
1724,Dropout,0.0842819097821484,0.2364656587970817,0.6792524314207699
363,Dropout,0.19361844989412869,0.12746529927911404,0.6789162508267572
495,Dropout,0.14705575341591304,0.17425584540965597,0.678688401174431
1462,Dropout,0.21304175596305985,0.10983679091833831,0.6771214531186018
808,Dropout,0.14201960854253637,0.18253717303010009,0.6754432184273635
88,Dropout,0.017222395380326893,0.30801099284922756,0.6747666117704456
1424,Dropout,0.028750934285738817,0.29734071926296235,0.6739083464512988
1399,Dropout,0.20119345328640845,0.12689097947472086,0.6719155672388706
1477,Dropout,0.1430309546595993,0.18552759386101683,0.6714414514793838
1196,Dropout,0.1195808317107853,0.20921542175436234,0.6712037465348523
1076,Dropout,0.1914603002071915,0.13891355165351615,0.6696261481392923
1355,Dropout,0.001481638580301944,0.3288996642518087,0.6696186971678894
645,Dropout,0.10799595657839753,0.2224274867433912,0.6695765566782114
711,Dropout,0.1741341411538013,0.15655679881520906,0.6693090600309896
475,Dropout,0.04622216347027567,0.28485508619346345,0.6689227503362609
1433,Dropout,0.06886778040405536,0.26289757238618666,0.668234647209758
757,Dropout,0.001612309244087302,0.3304840662810144,0.6679036244748983
1207,Dropout,0.05346223652677778,0.279281456409076,0.6672563070641462
294,Dropout,0.033346001379731406,0.30051692318640283,0.6661370754338658
125,Dropout,0.10290481281293387,0.2319931042895906,0.6651020828974755
1263,Dropout,0.03724950292738892,0.29952219436519417,0.663228302707417
1178,Dropout,0.23288617924180235,0.10389022505395958,0.6632235957042381
1259,Dropout,0.007238722841909804,0.3308035754594361,0.6619577016986541
1370,Dropout,0.2031103538541625,0.13709976632530613,0.6597898798205313
1752,Dropout,0.002562135549860149,0.3385494476679273,0.6588884167822125
633,Dropout,0.00926800882720266,0.3356115981472808,0.6551203930255166
957,Dropout,0.003569074843610551,0.3439504652314307,0.6524804599249587
236,Dropout,0.16460690236192652,0.1840464566685947,0.6513466409694788
1360,Dropout,0.007413914152015663,0.34385765961741355,0.6487284262305707
291,Dropout,0.17242582686953278,0.17934148526416954,0.6482326878662976
1049,Dropout,0.19183627587628735,0.1603288221853595,0.6478349019383531
162,Dropout,0.0153711123387248,0.33745293265971577,0.6471759550015593
1017,Dropout,0.0015269502016259306,0.3519773897776398,0.6464956600207343
761,Dropout,0.2599319263803091,0.09445616547175702,0.6456119081479339
278,Dropout,0.22000028185080808,0.1363169711561148,0.6436827469930771
1351,Dropout,0.22319848273374512,0.13453821672022043,0.6422633005460344
1562,Dropout,0.003770895982194267,0.3549023352400577,0.641326768777748
572,Dropout,0.06782255797487247,0.2989791143512781,0.6331983276738493
1114,Dropout,0.005921176745962723,0.3613419424591068,0.6327368807949306
306,Dropout,0.23071591060578855,0.13861543383166428,0.6306686555625471
1403,Dropout,0.2786149081565995,0.09273233377877901,0.6286527580646215
846,Dropout,0.14914340761928527,0.2232655163826077,0.627591075998107
164,Dropout,0.03774145719334893,0.33901663989901015,0.6232419029076409
386,Dropout,0.16786496813548185,0.21020564985895,0.6219293820055681
1749,Dropout,0.055496681430507955,0.32789088409881634,0.6166124344706757
422,Dropout,0.010730348429930262,0.3731311259125671,0.6161385256575027
175,Dropout,0.006334362453985228,0.38010671288452896,0.6135589246614859
737,Dropout,0.0698904891247041,0.317981782930924,0.612127727944372
1511,Dropout,0.06346958827013058,0.32490338456659457,0.6116270271632749
152,Dropout,0.02545672279080005,0.3639450468896434,0.6105982303195566
362,Dropout,0.1701926739315314,0.2204168905422433,0.6093904355262253
1631,Dropout,0.034396638410487984,0.3585732247177406,0.6070301368717713
646,Dropout,0.03856325136577345,0.35521011936250935,0.6062266292717172
856,Dropout,0.2554365019403253,0.13907822260674185,0.6054852754529328
1139,Dropout,0.07822470506907123,0.32105271465092916,0.6007225802799996
289,Dropout,0.2675557507799885,0.13405125168669926,0.5983929975333123
1488,Dropout,0.21055396981042268,0.19211183850722519,0.5973341916823521
1499,Dropout,0.07276751970006208,0.3299685914070977,0.5972638888928402
540,Dropout,0.21692757923485614,0.1864470304003565,0.5966253903647873
1083,Dropout,0.25356648285390293,0.15433833466598082,0.5920951824801162
1662,Dropout,0.3120197653951753,0.09693603363650653,0.5910442009683181
1428,Dropout,0.27057909105192407,0.13837856790388112,0.5910423410441948
190,Dropout,0.09511848775134706,0.31460016642448024,0.5902813458241727
1608,Dropout,0.10970633128371576,0.3033596628720561,0.5869340058442282
1747,Dropout,0.2744340403835357,0.14032590090853156,0.5852400587079327
1169,Dropout,0.2742015001572339,0.14410442628884937,0.5816940735539168
1741,Dropout,0.004673672075805689,0.41489271001473854,0.5804336179094557
209,Dropout,0.015917825019229077,0.40808336799153344,0.5759988069892374
1289,Dropout,0.002913276551727115,0.4210915466586848,0.575995176789588
6,Dropout,0.06915451364303597,0.356846210842045,0.573999275514919
1210,Dropout,0.2816776823116789,0.14638391170414736,0.5719384059841738
1501,Dropout,0.036748742982665374,0.39132813656311916,0.5719231204542155
259,Dropout,0.004676778044301565,0.4251693378699914,0.570153884085707
827,Dropout,0.26594078365324,0.1653973693585991,0.5686618469881609
1468,Dropout,0.23937543935559308,0.19493492383154246,0.5656896368128644
1557,Dropout,0.23266259923667815,0.20198276804697415,0.5653546327163477
1565,Dropout,0.010942397213027127,0.4242522713199373,0.5648053314670356
760,Dropout,0.33198723186585855,0.10467708742755504,0.5633356807065865
44,Dropout,0.19329823609374933,0.24467760123245078,0.5620241626738
1518,Dropout,0.1848308151243136,0.25583157310186777,0.5593376117738186
1025,Dropout,0.2972578472535175,0.14372483659923505,0.5590173161472475
193,Dropout,0.20114635031788133,0.23996444238203454,0.5588892073000842
1121,Dropout,0.2987676758255548,0.14331185714554195,0.5579204670289032
814,Dropout,0.1303997061036073,0.31744294416483293,0.5521573497315598
228,Dropout,0.2689596031735162,0.17901317328044003,0.5520272235460437
1347,Dropout,0.11262903059700988,0.33655647741806677,0.5508144919849233
945,Dropout,0.020627031367351202,0.42894861642285226,0.5504243522097966
824,Dropout,0.007358799030340992,0.44225541294568516,0.5503857880239739
1313,Dropout,0.049330952033733465,0.40059325919004046,0.5500757887762261
830,Dropout,0.2685957412075513,0.18419574323950622,0.5472085155529425
818,Dropout,0.0080969429008155,0.44498682456350747,0.5469162325356771
1134,Dropout,0.242895652484351,0.21069672943720275,0.5464076180784463
429,Dropout,0.3201047040420347,0.1346401083841763,0.545255187573789
517,Dropout,0.14844805308098694,0.30647334642231805,0.545078600496695
1215,Dropout,0.19536561765688498,0.2599722678715412,0.5446621144715738
1623,Dropout,0.003611138943292261,0.45218050640132007,0.5442083546553876
308,Dropout,0.2049229796677743,0.2556637568641642,0.5394132634680615
1661,Dropout,0.08727521069098672,0.3736295104334504,0.539095278875563
644,Dropout,0.02353749002080154,0.4395850939500346,0.5368774160291638
631,Dropout,0.11457738153832826,0.3495246018946265,0.5358980165670453
8,Dropout,0.03842513773404041,0.42757316381023963,0.53400169845572
1619,Dropout,0.1913067915189619,0.27570636834358786,0.5329868401374502
973,Dropout,0.0026106080168520544,0.4653042624606672,0.5320851295224807
28,Dropout,0.33434741377224336,0.13378844245246282,0.5318641437752939
250,Dropout,0.39297663694482343,0.07528742391562003,0.5317359391395565
983,Dropout,0.22994204746949495,0.2411127496031226,0.5289452029273826
660,Dropout,0.11008339497244596,0.3621644466396204,0.5277521583879338
1115,Dropout,0.09580328922228319,0.3765303607171571,0.5276663500605596
654,Dropout,0.20000700916060526,0.27561902454537435,0.5243739662940203
22,Dropout,0.16669094888782562,0.3110950397824091,0.5222140113297653
659,Dropout,0.11774888178969763,0.36044396416960417,0.5218071540406981
1356,Dropout,0.0620450164780892,0.4184703985888301,0.5194845849330807
1352,Dropout,0.12617809268027375,0.3554263555834963,0.51839555173623
1353,Dropout,0.07431140293827944,0.4098896382112305,0.5157989588504901
674,Dropout,0.024897253135363024,0.4607887168634146,0.5143140300012223
1463,Dropout,0.12601247598791812,0.3596917378621432,0.5142957861499386
263,Dropout,0.09378821661810109,0.3920258343280063,0.5141859490538926
954,Dropout,0.21382566971757136,0.2720690058512182,0.5141053244312105
1026,Dropout,0.26531094656903587,0.22162579181791037,0.5130632616130537
12,Dropout,0.01619783884621009,0.47185544816200653,0.5119467129917834
981,Dropout,0.3354079806301387,0.15511318079629052,0.5094788385735708
1676,Dropout,0.08581014699059637,0.4106935532326457,0.5034962997767579
1486,Dropout,0.029208797803713393,0.4687866668620555,0.5020045353342311
311,Dropout,0.3445511740466217,0.1537240973637841,0.5017247285895942
1618,Dropout,0.03240635936813552,0.4663341053798856,0.501259535251979
879,Dropout,0.23952269366209591,0.25995934861460573,0.5005179577232983
1183,Dropout,0.06596967270741738,0.4372172228130149,0.4968131044795677
1496,Enrolled,0.0048771107150688935,0.49894001613935124,0.4961828731455798
567,Dropout,0.15533091245610273,0.3516515988796319,0.49301748866426526
1438,Dropout,0.3719766964059208,0.13631336155119259,0.49170994204288654
