row_id,predicted_label,prob_Graduate,prob_Enrolled,prob_Dropout
0,Graduate,0.7451946905560825,0.18720673323787762,0.06759857620603998
1,Dropout,0.01665325682765615,0.15986101933723898,0.8234857238351048
2,Graduate,0.800029707198046,0.15859290552771307,0.04137738727424095
3,Dropout,0.20476054030717675,0.08125670943341078,0.7139827502594124
4,Graduate,0.7414757524074461,0.14010309198722418,0.11842115560532976
5,Graduate,0.6642084092981115,0.21147579551152515,0.12431579519036333
6,Dropout,0.06915451364303597,0.356846210842045,0.573999275514919
7,Graduate,0.5210080620113554,0.31990126515117995,0.15909067283746461
8,Dropout,0.03842513773404041,0.42757316381023963,0.53400169845572
9,Graduate,0.44259388631640273,0.3194237198794504,0.2379823938041469
10,Enrolled,0.0782646739736388,0.5745164173586303,0.34721890866773086
11,Graduate,0.9230873864789494,0.05942362737458747,0.017488986146463034
12,Dropout,0.01619783884621009,0.47185544816200653,0.5119467129917834
13,Graduate,0.7848887870676413,0.16395600547607642,0.05115520745628219
14,Dropout,0.03411256723938169,0.11554310476655119,0.8503443279940672
15,Graduate,0.7073406922858133,0.2184533655635088,0.07420594215067784
16,Enrolled,0.02832334334105908,0.572742120309683,0.39893453634925796
17,Graduate,0.6375080820348387,0.18643208822948626,0.17605982973567494
18,Graduate,0.8170336285776332,0.14302547575119706,0.03994089567116982
19,Graduate,0.7186414938913712,0.13695163130818344,0.1444068748004455
20,Graduate,0.9123475026056269,0.04577480172373245,0.04187769567064085
21,Enrolled,0.31156840081315434,0.36615858806907503,0.32227301111777057
22,Dropout,0.16669094888782562,0.3110950397824091,0.5222140113297653
23,Enrolled,0.2775654529052844,0.5036372525422285,0.21879729455248717
24,Graduate,0.9609106516351358,0.03192550030308678,0.0071638480617772764
25,Graduate,0.8340715044389405,0.10889919483534637,0.05702930072571322
26,Graduate,0.6898201749568712,0.1969728807029663,0.11320694434016242
27,Dropout,0.11411721916994781,0.08023228909739255,0.8056504917326596
28,Dropout,0.33434741377224336,0.13378844245246282,0.5318641437752939
29,Graduate,0.9066074974526671,0.07306710130408402,0.020325401243248928
30,Graduate,0.9185737948263154,0.058309780415738595,0.02311642475794604
31,Dropout,0.021636772309011437,0.14629198924476228,0.8320712384462262
32,Dropout,0.005835082928453173,0.09901212397275516,0.8951527930987916
33,Graduate,0.3676125112734015,0.3266357233280446,0.3057517653985541
34,Graduate,0.9343250521112862,0.042419688957879106,0.023255258930834802
35,Dropout,0.008453960087914764,0.02914811815231742,0.9623979217597679
36,Graduate,0.5808174820444448,0.22252212411958122,0.19666039383597397
37,Graduate,0.9121820986392916,0.07102237708902494,0.016795524271683626
38,Graduate,0.7193780161160229,0.22782220644455434,0.052799777439422824
39,Graduate,0.8037067843331764,0.14029223896756307,0.05600097669926058
40,Graduate,0.8973509482636017,0.07141319044524078,0.031235861291157515
41,Enrolled,0.08832233575534737,0.7134389136286772,0.19823875061597546
42,Dropout,0.11943549441271305,0.13760843074884696,0.7429560748384401
43,Graduate,0.8019333213332991,0.16997326679004796,0.028093411876652954
44,Dropout,0.19329823609374933,0.24467760123245078,0.5620241626738
45,Graduate,0.8258253698334412,0.09879697798779292,0.07537765217876571
46,Dropout,0.0005553086372459962,0.10862396833234664,0.8908207230304074
47,Graduate,0.845866475301417,0.11142143349721352,0.0427120912013695
48,Dropout,0.1815718930231085,0.12493799624977169,0.6934901107271199
49,Dropout,0.0038048798286273245,0.008778738475666693,0.9874163816957059
50,Graduate,0.9136019527992865,0.0684541699786424,0.017943877222071195
51,Graduate,0.9052171229326309,0.07527519327670065,0.019507683790668476
52,Graduate,0.9142640600621312,0.064968682824367,0.020767257113501802
53,Graduate,0.5267020013030793,0.3101837531297698,0.16311424556715093
54,Graduate,0.9525905010444113,0.037842591746237116,0.009566907209351617
55,Enrolled,0.170130595732988,0.4308933128680252,0.3989760913989869
56,Graduate,0.7862724694655037,0.11479623535201908,0.09893129518247708
57,Graduate,0.8404826412500371,0.09287943989496895,0.06663791885499387
58,Graduate,0.6245666496368464,0.19226229482000928,0.1831710555431443
59,Graduate,0.8051513566233596,0.1367152400197873,0.05813340335685329
60,Dropout,0.04257134769245995,0.0510047622318824,0.9064238900756576
61,Graduate,0.8347395452097968,0.13194182199016208,0.033318632800041235
62,Graduate,0.8734101318530519,0.10795003037593932,0.0186398377710087
63,Graduate,0.5505357595330097,0.29286635989731896,0.15659788056967128
64,Graduate,0.6397379546902735,0.28005849724986537,0.08020354805986117
65,Graduate,0.9590234613695093,0.03171252267499949,0.009264015955491152
66,Graduate,0.7274335188157557,0.2112060013170608,0.06136047986718347
67,Dropout,0.1715578334613737,0.12558097378853286,0.7028611927500934
68,Dropout,0.0030575810468464913,0.023352782471206188,0.9735896364819474
69,Dropout,0.00036963008243696705,0.010041365385722907,0.9895890045318401
70,Dropout,1.7500169532081595e-05,0.04442137418022365,0.9555611256502442
71,Enrolled,0.3427089712861359,0.37846482076681887,0.2788262079470452
72,Graduate,0.9478469043534155,0.03974595052647795,0.012407145120106473
73,Enrolled,0.048726035221137595,0.5224487317336076,0.4288252330452547
74,Enrolled,0.25760822067556266,0.568793736639378,0.17359804268505927
75,Graduate,0.7712896853155013,0.17625478701879818,0.052455527665700316
76,Graduate,0.9254158996741163,0.05344451823690543,0.021139582088978277
77,Graduate,0.8377071552120241,0.12424135784141853,0.03805148694655748
78,Dropout,0.011220348709064213,0.17728445057624653,0.8114952007146893
79,Graduate,0.4294867546992306,0.3135649370694023,0.25694830823136705
80,Graduate,0.9099389294583385,0.06369695210680372,0.026364118434857677
81,Graduate,0.8696759224757193,0.1073423725788451,0.022981704945435503
82,Enrolled,0.08255326676857745,0.5493772468068879,0.3680694864245346
83,Graduate,0.8401802607027062,0.11987058966447513,0.0399491496328187
84,Graduate,0.8987854297991914,0.053714509014662286,0.04750006118614645
85,Graduate,0.8824132559760234,0.08204049720414686,0.03554624681982991
86,Graduate,0.7618742874397287,0.1548532620971218,0.08327245046314952
87,Graduate,0.7073678988464809,0.1523784742615644,0.1402536268919547
88,Dropout,0.017222395380326893,0.30801099284922756,0.6747666117704456
89,Graduate,0.43579508380734083,0.4294964909487448,0.13470842524391438
90,Graduate,0.5135330436800756,0.345230195332934,0.14123676098699053
91,Graduate,0.45340480860671895,0.36021986501085224,0.1863753263824288
92,Graduate,0.9620096886028603,0.029452191554634372,0.008538119842505326
93,Enrolled,0.2518277363162983,0.43998018293354146,0.30819208075016025
94,Graduate,0.7192111621496134,0.17970020786837457,0.10108862998201198
95,Graduate,0.9091184076863558,0.0670632628699074,0.023818329443736873
96,Graduate,0.8993069365093895,0.07786942164384163,0.022823641846768817
97,Graduate,0.781349004299366,0.12862522927448272,0.09002576642615129
98,Graduate,0.7284421511814085,0.21372949865636384,0.05782835016222759
99,Dropout,0.07450507938472073,0.03893890262191213,0.8865560179933671
100,Dropout,0.0013864764754849767,0.008447970779051614,0.9901655527454635
101,Graduate,0.862611610450608,0.11734721589741376,0.020041173651978182
102,Dropout,0.00011040778268877123,0.01522787906863904,0.9846617131486722
103,Graduate,0.9190583953512559,0.06481369243537786,0.016127912213366218
104,Dropout,0.01362843142889579,0.2991415941657195,0.6872299744053847
105,Graduate,0.5673561436373534,0.31689024970069996,0.11575360666194656
106,Dropout,0.00525937727933484,0.2556494464048395,0.7390911763158255
107,Graduate,0.5764881195594393,0.22645121714389807,0.1970606632966626
108,Enrolled,0.14745522912214537,0.5033704834013405,0.3491742874765141
109,Graduate,0.9194097645432389,0.060956047505739894,0.01963418795102122
110,Dropout,0.15104831951291559,0.11965871258632052,0.7292929679007639
111,Dropout,0.030374242643150782,0.016855162710627255,0.952770594646222
112,Graduate,0.73224464906985,0.1118350697374092,0.1559202811927408
113,Graduate,0.879312068447561,0.09424879342648204,0.026439138125957024
114,Graduate,0.8616290696921292,0.061833512971457616,0.0765374173364132
115,Graduate,0.5535658708130555,0.24205733701320434,0.20437679217374027
116,Dropout,6.384529202785299e-05,0.009625571754908756,0.9903105829530633
117,Enrolled,0.36700067041781814,0.3744103420548375,0.25858898752734444
118,Dropout,8.549889352064051e-06,0.019242519061232564,0.9807489310494154
119,Dropout,1.444641467059681e-05,0.008242896517409599,0.9917426570679198
120,Graduate,0.9415998700263308,0.04757205679081398,0.010828073182855098
121,Graduate,0.6923258036526748,0.2010856531266708,0.10658854322065436
122,Graduate,0.9217457493924682,0.05335434091963017,0.02489990968790161
123,Dropout,2.4244299944462653e-05,0.06597147212503043,0.9340042835750252
124,Graduate,0.8686382851621278,0.08032860634547213,0.05103310849240007
125,Dropout,0.10290481281293387,0.2319931042895906,0.6651020828974755
126,Graduate,0.5626196037205795,0.36474945597958713,0.07263094029983332
127,Graduate,0.9173026768071924,0.06864626107306958,0.014051062119738162
128,Dropout,0.0002266825910138953,0.04412954572483457,0.9556437716841516
129,Graduate,0.9681129949624017,0.02332729771464519,0.008559707322953244
130,Graduate,0.7241473978325743,0.21569286255008133,0.06015973961734443
131,Graduate,0.8447465036714629,0.10219791482082081,0.05305558150771632
132,Graduate,0.7054378005816998,0.24644553226367857,0.0481166671546217
133,Graduate,0.8792535030531745,0.09733620901344017,0.023410287933385284
134,Graduate,0.9002834861124682,0.07778832090288722,0.021928192984644566
135,Graduate,0.8875833892155683,0.0868546056750521,0.025562005109379494
136,Dropout,7.279101214270565e-05,0.0050436839850913715,0.9948835250027659
137,Graduate,0.8852131693239095,0.08839880431564742,0.026388026360443
138,Graduate,0.515784679780916,0.34818382671767445,0.13603149350140945
139,Graduate,0.8432872291135532,0.09956849213433161,0.05714427875211506
140,Graduate,0.8530723983085351,0.10494451373636604,0.041983087955098995
141,Dropout,0.09143691600741755,0.1321443648270387,0.7764187191655438
142,Graduate,0.7266287311304551,0.22912849139828076,0.0442427774712641
143,Graduate,0.7290832788468427,0.22091035464707814,0.050006366506079265
144,Graduate,0.9261723159249123,0.04915375531857209,0.024673928756515435
145,Graduate,0.914652729653806,0.057666937776488236,0.02768033256970589
146,Graduate,0.5229543016066757,0.23137331290234298,0.24567238549098142
147,Dropout,0.10862274670547545,0.10110916223037776,0.7902680910641467
148,Enrolled,0.2593008577397132,0.42388824276523673,0.31681089949505
149,Enrolled,0.02518769439536676,0.6751772798420093,0.2996350257626241
150,Dropout,0.10481758243713013,0.07814347144290215,0.8170389461199676
151,Graduate,0.8532063468698109,0.08380357300605469,0.0629900801241345
152,Dropout,0.02545672279080005,0.3639450468896434,0.6105982303195566
153,Graduate,0.5696611199607058,0.33144520164828617,0.09889367839100803
154,Graduate,0.422568814973091,0.38345422401412493,0.19397696101278403
155,Dropout,4.9159532650858e-05,0.05242648209345596,0.9475243583738933
156,Graduate,0.8016779879651552,0.10069942014907414,0.09762259188577053
157,Graduate,0.575566419923403,0.20187881217642473,0.2225547679001723
158,Enrolled,0.14780681759302058,0.5165131052755644,0.3356800771314151
159,Graduate,0.8290754822255318,0.13426383568375164,0.03666068209071649
160,Graduate,0.5808673154291878,0.28580078069016124,0.13333190388065094
161,Dropout,9.165752617064698e-05,0.008203602821272546,0.9917047396525569
162,Dropout,0.0153711123387248,0.33745293265971577,0.6471759550015593
163,Graduate,0.5692769620705592,0.277457716733152,0.15326532119628872
164,Dropout,0.03774145719334893,0.33901663989901015,0.6232419029076409
165,Graduate,0.9160282075058546,0.0579954084947586,0.02597638399938672
166,Enrolled,0.09051202717923588,0.5569149417420279,0.3525730310787362
167,Graduate,0.8837631635281357,0.07058453300297525,0.04565230346888901
168,Graduate,0.8510038850302073,0.12607721558897467,0.022918899380818137
169,Graduate,0.8127894107827102,0.08024002270946604,0.10697056650782387
170,Graduate,0.8027517698035617,0.1324705984148406,0.06477763178159779
171,Graduate,0.9140413099634849,0.06764742334071762,0.018311266695797593
172,Enrolled,0.10243672573451054,0.627127702239947,0.2704355720255424
173,Graduate,0.8606275721779916,0.11125313093586048,0.028119296886147997
174,Graduate,0.9627137906751289,0.031199608129151894,0.006086601195719109
175,Dropout,0.006334362453985228,0.38010671288452896,0.6135589246614859
176,Graduate,0.8438686352407888,0.13263055711911612,0.023500807640095153
177,Graduate,0.6638904222766967,0.203556132730139,0.13255344499316438
178,Enrolled,0.09636137808096742,0.5376179183267827,0.3660207035922498
179,Graduate,0.813119461067939,0.11122964492375022,0.0756508940083108
180,Dropout,0.00012925538345998604,0.02113672582679022,0.9787340187897496
181,Enrolled,0.3868313489989342,0.4323951331163799,0.18077351788468593
182,Graduate,0.5245576694815599,0.30476076684831993,0.1706815636701202
183,Graduate,0.9247475637526364,0.05751807323468537,0.017734363012678132
184,Graduate,0.8952225197405693,0.08695680660693138,0.01782067365249924
185,Enrolled,0.1269586200314028,0.5333281667240934,0.33971321324450376
186,Graduate,0.9472243051226708,0.043822094172554435,0.00895360070477481
187,Graduate,0.6064681526780143,0.27481559473391015,0.11871625258807557
188,Enrolled,0.025060512214510885,0.5660155687470124,0.40892391903847664
189,Graduate,0.9333990874502759,0.046825248481397984,0.01977566406832601
190,Dropout,0.09511848775134706,0.31460016642448024,0.5902813458241727
191,Dropout,0.13824808766560917,0.08107828506941511,0.7806736272649758
192,Graduate,0.7368506455419679,0.16438190373662404,0.09876745072140812
193,Dropout,0.20114635031788133,0.23996444238203454,0.5588892073000842
194,Graduate,0.9091499060064683,0.06724145561660887,0.02360863837692272
195,Dropout,0.005103489684446722,0.11320555135973584,0.8816909589558174
196,Graduate,0.752672713181447,0.1762357907357403,0.07109149608281261
197,Graduate,0.5595407920363619,0.2590814301619759,0.18137777780166234
198,Dropout,0.007707475002642494,0.30477492609425183,0.6875175989031057
199,Graduate,0.6844745642185801,0.19669863991110914,0.11882679587031075
200,Graduate,0.5764012015406175,0.33103816009151543,0.09256063836786717
201,Graduate,0.5698208377620967,0.34482405501787533,0.08535510722002806
202,Graduate,0.7487046734178108,0.15437912302243376,0.0969162035597554
203,Enrolled,0.15888807023311552,0.6779592848314735,0.16315264493541087
204,Graduate,0.8562699251646548,0.08091164648768116,0.062818428347664
205,Enrolled,0.008120371843009006,0.5798991215251222,0.41198050663186886
206,Graduate,0.4614298286042629,0.32509769812179845,0.21347247327393862
207,Dropout,0.04289179119473175,0.17003268830546614,0.7870755204998021
208,Dropout,0.0002445732475869246,0.02213027365605476,0.9776251530963583
209,Dropout,0.015917825019229077,0.40808336799153344,0.5759988069892374
210,Graduate,0.9127823062055773,0.0571458199713145,0.030071873823108306
211,Graduate,0.6482531337603382,0.2010267496574724,0.15072011658218934
212,Enrolled,0.051991864490967266,0.7249889220315489,0.2230192134774838
213,Graduate,0.939364335067741,0.04263321663201954,0.018002448300239508
214,Graduate,0.9299323015566082,0.05140045124375454,0.018667247199637225
215,Dropout,0.0065143087293602995,0.1839139517071637,0.809571739563476
216,Dropout,0.0065767249261614626,0.20330043356571761,0.790122841508121
217,Graduate,0.49830250629435524,0.31606217515127716,0.1856353185543676
218,Enrolled,0.24732210386420306,0.42577039864379773,0.3269074974919992
219,Graduate,0.6812028591725717,0.22761612079143598,0.09118102003599238
220,Enrolled,0.1589712235872816,0.44437681448134403,0.39665196193137436
221,Graduate,0.767355368754198,0.15395460738123715,0.07869002386456486
222,Graduate,0.926562939086337,0.05134742134454908,0.022089639569113827
223,Graduate,0.9629741715781663,0.030732694823961605,0.006293133597872052
224,Enrolled,0.3482748094482664,0.37997580268989173,0.2717493878618419
225,Graduate,0.7482575522464948,0.2023000015365369,0.0494424462169683
226,Enrolled,0.029392493642016237,0.5044423144298008,0.4661651919281829
227,Dropout,0.011529856050928789,0.10072214694573285,0.8877479970033383
228,Dropout,0.2689596031735162,0.17901317328044003,0.5520272235460437
229,Graduate,0.8834949616064164,0.09140991326685555,0.025095125126727943
230,Graduate,0.7974828809772934,0.1488080892009433,0.05370902982176333
231,Dropout,0.06240582645588106,0.048770803751296235,0.8888233697928227
232,Graduate,0.9465054898207909,0.039889850774363696,0.013604659404845437
233,Dropout,0.005231353331757874,0.14112678284441613,0.8536418638238259
234,Graduate,0.49646225547877376,0.32710063111486865,0.17643711340635765
235,Dropout,0.0007909721477052827,0.048559936247839476,0.9506490916044552
236,Dropout,0.16460690236192652,0.1840464566685947,0.6513466409694788
237,Graduate,0.921053119231405,0.06695952150323803,0.011987359265357088
238,Dropout,0.00474676830211695,0.02452856851870845,0.9707246631791746
239,Graduate,0.5365181710912987,0.3352648509270007,0.1282169779817005
240,Graduate,0.937235264448283,0.045368193538800256,0.017396542012916672
241,Graduate,0.880988422631898,0.07995738915786776,0.039054188210234146
242,Dropout,0.006312789948350463,0.027472883457396444,0.9662143265942531
243,Enrolled,0.34041651355606606,0.40567227028981556,0.25391121615411827
244,Graduate,0.9200276841228456,0.06281673175468602,0.01715558412246818
245,Dropout,0.00012929777591793993,0.013344990935522272,0.9865257112885598
246,Graduate,0.7929335157581986,0.12761622581364718,0.07945025842815433
247,Dropout,0.14551149209360298,0.41175183794860837,0.44273666995778865
248,Dropout,0.0001630575916095522,0.019858803784478518,0.9799781386239119
249,Graduate,0.9447612159913745,0.04528728500916534,0.009951498999460122
250,Dropout,0.39297663694482343,0.07528742391562003,0.5317359391395565
251,Graduate,0.7892531961735918,0.12721419669558692,0.08353260713082142
252,Graduate,0.8819413094748336,0.09042372943366397,0.027634961091502354
253,Graduate,0.8492325778547015,0.11100081330465027,0.03976660884064833
254,Graduate,0.6229117359087392,0.21878168744417695,0.15830657664708395
255,Dropout,0.003877606182395586,0.14140509149584515,0.8547173023217594
256,Graduate,0.9485292122921269,0.04601665535570249,0.005454132352170586
257,Graduate,0.8523671413855501,0.09917551341393631,0.048457345200513514
258,Graduate,0.8131103328071463,0.0966338551694298,0.09025581202342392
259,Dropout,0.004676778044301565,0.4251693378699914,0.570153884085707
260,Dropout,0.03376193284828413,0.2287329292258164,0.7375051379258994
261,Graduate,0.9069598532894279,0.06373360779324085,0.02930653891733132
262,Dropout,0.0005096632453227324,0.016538263650625565,0.9829520731040516
263,Dropout,0.09378821661810109,0.3920258343280063,0.5141859490538926
264,Graduate,0.7326658949642132,0.10449806315945982,0.16283604187632691
265,Graduate,0.8296820106654283,0.09444191377663476,0.07587607555793686
266,Graduate,0.9129530649956248,0.05912886791046991,0.027918067093905135
267,Graduate,0.6125858150464941,0.2353233392772408,0.15209084567626524
268,Dropout,7.342455696042638e-05,0.02983548948982104,0.9700910859532186
269,Dropout,0.0016634516011196192,0.27773520034668914,0.7206013480521912
270,Graduate,0.8781048953362584,0.09060936159745499,0.031285743066286724
271,Dropout,5.182262896153243e-05,0.03709779141735055,0.9628503859536879
272,Graduate,0.5894087755864059,0.24735109539439096,0.16324012901920318
273,Dropout,0.0011689185643013785,0.011064486507622902,0.9877665949280756
274,Graduate,0.9487045154882373,0.03702944198954825,0.014266042522214504
275,Graduate,0.9070932461683865,0.059990796147296334,0.03291595768431728
276,Enrolled,0.1466738012040182,0.5382681168641404,0.31505808193184137
277,Graduate,0.9617875463965824,0.028831168929543596,0.00938128467387416
278,Dropout,0.22000028185080808,0.1363169711561148,0.6436827469930771
279,Dropout,0.3394243986197127,0.25501913870767345,0.40555646267261397
280,Graduate,0.5768241324833336,0.32160236484953747,0.10157350266712889
281,Enrolled,0.32278541028270036,0.42402882179741924,0.2531857679198804
282,Dropout,9.025128709323947e-05,0.021315622509686195,0.9785941262032205
283,Graduate,0.905292550612273,0.08077810128130634,0.013929348106420533
284,Dropout,0.13864283259430318,0.10619018519072349,0.7551669822149735
285,Dropout,0.12837411158810055,0.11806585987767357,0.7535600285342258
286,Dropout,7.947834483157086e-05,0.009501403400113743,0.9904191182550547
287,Graduate,0.8304492891405719,0.12643840753686617,0.043112303322562044
288,Graduate,0.826116162867001,0.09542191526766126,0.07846192186533772
289,Dropout,0.2675557507799885,0.13405125168669926,0.5983929975333123
290,Graduate,0.9057578964888104,0.06731589920640377,0.026926204304785827
291,Dropout,0.17242582686953278,0.17934148526416954,0.6482326878662976
292,Graduate,0.8439105065211743,0.09304338797923442,0.06304610549959137
293,Graduate,0.8728338032055594,0.08731483828840855,0.039851358506032115
294,Dropout,0.033346001379731406,0.30051692318640283,0.6661370754338658
295,Graduate,0.9332822151132091,0.05077484992151731,0.015942934965273617
296,Dropout,0.0021439122326546425,0.010666576393590763,0.9871895113737547
297,Graduate,0.9204624825212827,0.06690390540632672,0.012633612072390507
298,Enrolled,0.29194593799186114,0.5427046321148067,0.1653494298933322
299,Graduate,0.8415135901909541,0.10564431095680678,0.052842098852239096
300,Graduate,0.8754808668996359,0.08826776401208497,0.03625136908827906
301,Enrolled,0.13900958734098626,0.4434664091394991,0.41752400351951463
302,Graduate,0.8496514972868613,0.08690105818558573,0.06344744452755292
303,Graduate,0.7568961399523579,0.18880915160480863,0.05429470844283334
304,Graduate,0.8915345155356136,0.058452916084676364,0.05001256837971015
305,Graduate,0.8769492804279507,0.07543452607757632,0.04761619349447296
306,Dropout,0.23071591060578855,0.13861543383166428,0.6306686555625471
307,Dropout,0.017549912830640137,0.2313658203489127,0.7510842668204472
308,Dropout,0.2049229796677743,0.2556637568641642,0.5394132634680615
309,Enrolled,0.04406824604056182,0.6058035147330667,0.3501282392263715
310,Dropout,0.009886010685214306,0.16210527373167316,0.8280087155831125
311,Dropout,0.3445511740466217,0.1537240973637841,0.5017247285895942
312,Dropout,0.0004421766863442341,0.013666915541455545,0.9858909077722003
313,Graduate,0.872569817136413,0.08348845253464826,0.043941730328938784
314,Dropout,0.05793574617359808,0.10993969716941976,0.8321245566569823
315,Graduate,0.9053783661278263,0.06348107766028704,0.031140556211886737
316,Graduate,0.8991700605953709,0.05226054665083599,0.048569392753793315
317,Graduate,0.8621806546599086,0.10447410099394405,0.03334524434614753
318,Dropout,0.0006339864707184148,0.023387077779781905,0.9759789357494998
319,Graduate,0.6340569434028773,0.24856753188174746,0.1173755247153753
320,Graduate,0.7698441036511651,0.12450734253124983,0.10564855381758495
321,Enrolled,0.29103647060605276,0.5048721898243533,0.20409133956959388
322,Dropout,0.0008807013578180212,0.012608099462762744,0.9865111991794193
323,Graduate,0.9159588071163504,0.06411544387076436,0.019925749012885265
324,Graduate,0.48400143762046816,0.33640937666681076,0.17958918571272095
325,Graduate,0.647403226205469,0.23899541716702796,0.11360135662750313
326,Dropout,0.011262496362888608,0.23952841419756335,0.7492090894395481
327,Graduate,0.9421198962630277,0.0406619339045115,0.017218169832460932
328,Graduate,0.8400682326670748,0.11823921244438876,0.04169255488853651
329,Graduate,0.898861748400441,0.07912351575302992,0.022014735846529063
330,Dropout,9.592474639665147e-05,0.01962964815645845,0.980274427097145
331,Graduate,0.7804758886580514,0.12198312707810238,0.09754098426384619
332,Dropout,0.12187337066067638,0.08892915454864275,0.7891974747906808
333,Graduate,0.9539234448206144,0.03765417830930541,0.008422376870080177
334,Graduate,0.9012491972024986,0.08780801411251768,0.010942788684983738
335,Dropout,0.06245105806241284,0.4670427018179392,0.470506240119648
336,Dropout,0.07128499376267726,0.2273004543294234,0.7014145519078994
337,Enrolled,0.09827218606420121,0.49146316829398073,0.4102646456418181
338,Dropout,0.24173309305885185,0.3516648478344642,0.4066020591066839
339,Graduate,0.9090086510573367,0.07208064095391051,0.018910707988752676
340,Graduate,0.9562328343033031,0.03712196325892497,0.006645202437771839
341,Graduate,0.9005778906318664,0.07313259888065946,0.02628951048747404
342,Graduate,0.8300625000727115,0.10212810931913027,0.06780939060815831
343,Dropout,0.021345827813913178,0.21329443854519728,0.7653597336408896
344,Dropout,0.17035543497654043,0.12068564087659116,0.7089589241468683
345,Graduate,0.9098203470601306,0.06068825239972001,0.029491400540149374
346,Graduate,0.935828315506402,0.04877172540602878,0.01539995908756918
347,Graduate,0.7893707833175158,0.14431402789267972,0.06631518878980444
348,Graduate,0.9027553575158787,0.06239428641908096,0.03485035606504032
349,Graduate,0.9448490062587883,0.04333834668629518,0.01181264705491654
350,Dropout,0.0037831079214532626,0.12698748897706555,0.8692294031014811
351,Graduate,0.614328696277651,0.28140888958360116,0.1042624141387479
352,Dropout,0.29087918624719905,0.3108222508792422,0.3982985628735587
353,Dropout,0.10113375862144493,0.08448587547396073,0.8143803659045943
354,Graduate,0.567344832259753,0.36180610900258503,0.07084905873766197
355,Graduate,0.8525342733831703,0.08772106692449731,0.059744659692332384
356,Dropout,0.021833506751749023,0.279000469492131,0.69916602375612
357,Dropout,0.0015624611640206395,0.2635768214741595,0.7348607173618199
358,Graduate,0.4740974483233157,0.1513715686991812,0.37453098297750304
359,Dropout,3.50892096956693e-05,0.030275480776087212,0.9696894300142171
360,Dropout,0.1797426093960161,0.4010042028272522,0.4192531877767319
361,Graduate,0.914672193177882,0.0650447433035804,0.020283063518537592
362,Dropout,0.1701926739315314,0.2204168905422433,0.6093904355262253
363,Dropout,0.19361844989412869,0.12746529927911404,0.6789162508267572
364,Dropout,0.11395212418145013,0.129398665369382,0.7566492104491678
365,Graduate,0.9402489374297552,0.048473861019253994,0.011277201550990804
366,Dropout,0.003939560232954286,0.05513824410838503,0.9409221956586608
367,Dropout,0.00010328943998907383,0.04865002201373723,0.9512466885462738
368,Graduate,0.6445342668662196,0.21352106262332898,0.14194467051045134
369,Enrolled,0.23380185667830558,0.41674522457052904,0.3494529187511653
370,Graduate,0.9261204330536511,0.0592321341808635,0.014647432765485321
371,Dropout,0.005988657286028636,0.1044210241752728,0.8895903185386986
372,Graduate,0.9166214782556092,0.057892245551208546,0.025486276193182188
373,Graduate,0.8811972214017304,0.0774686582337401,0.04133412036452951
374,Graduate,0.7232804715674576,0.17796746734857058,0.09875206108397191
375,Dropout,0.005522492720554796,0.11264948581984725,0.8818280214595979
376,Graduate,0.8174882877305355,0.132891809091135,0.0496199031783295
377,Graduate,0.8913035806824462,0.06903252050049158,0.03966389881706224
378,Graduate,0.9079429389558126,0.03676557160291145,0.055291489441276064
379,Graduate,0.9504275444948844,0.03882244704856568,0.010750008456549881
380,Dropout,0.00021853298519943529,0.06478870001674579,0.9349927669980547
381,Graduate,0.9068788187541528,0.06341138653738483,0.02970979470846243
382,Graduate,0.4099673801326747,0.39028072968188243,0.19975189018544293
383,Graduate,0.888823609402947,0.07249974376187282,0.038676646835180135
384,Graduate,0.8266198552455087,0.11811910465512301,0.05526104009936818
385,Dropout,0.014430743268253237,0.15654501302913124,0.8290242437026155
386,Dropout,0.16786496813548185,0.21020564985895,0.6219293820055681
387,Graduate,0.8622555596981174,0.0817483219739602,0.05599611832792231
388,Graduate,0.849829873000683,0.11645254751689968,0.03371757948241711
389,Dropout,0.057492638301190176,0.03382678615739413,0.9086805755414157
390,Graduate,0.846322537150002,0.12616299879585338,0.027514464054144466
391,Graduate,0.7760234504345538,0.1828429156529725,0.04113363391247367
392,Enrolled,0.276522144652211,0.5775344344117422,0.14594342093604676
393,Dropout,0.0046089741497898525,0.08300153688348971,0.9123894889667203
394,Dropout,0.028083739105846956,0.05198556756487589,0.9199306933292771
395,Graduate,0.9545869509752587,0.032850385615910825,0.012562663408830468
396,Graduate,0.5881835972213554,0.2934060137641021,0.11841038901454254
397,Dropout,0.0002430134227004247,0.16082078657869214,0.8389361999986075
398,Graduate,0.9633963154810271,0.03244237064128842,0.004161313877684356
399,Dropout,0.0002500616165587812,0.04890059097951987,0.9508493474039214
400,Dropout,0.32033643668338785,0.30598875515523294,0.37367480816137916
401,Enrolled,0.34562279684196356,0.43286336148343646,0.22151384167459992
402,Dropout,0.1875213398639618,0.13288135289052477,0.6795973072455135
403,Graduate,0.8898628788679943,0.08158345560048504,0.028553665531520687
404,Enrolled,0.32411483757253057,0.5656818964060087,0.11020326602146066
405,Dropout,0.004549255194030142,0.23299300299430326,0.7624577418116666
406,Graduate,0.560758231724119,0.3185444040478619,0.12069736422801905
407,Graduate,0.6882215574480822,0.2485768291724319,0.06320161337948584
408,Enrolled,0.38659765387991996,0.4204483143014329,0.1929540318186471
409,Graduate,0.891131296977422,0.07520917358837405,0.03365952943420406
410,Dropout,0.0006854940323863575,0.11475928644273768,0.8845552195248759
411,Dropout,0.02180560264367803,0.29647305538391966,0.6817213419724023
412,Graduate,0.8896734776657781,0.08787839644426251,0.022448125889959487
413,Graduate,0.6736216277453794,0.19494820937365173,0.1314301628809689
414,Dropout,9.708725940833228e-06,0.014587877286808664,0.9854024139872505
415,Graduate,0.7629295528731418,0.13303238548094212,0.10403806164591606
416,Enrolled,0.06188711710718452,0.7281220578984978,0.2099908249943175
417,Enrolled,0.24745349377860185,0.4947617621426911,0.2577847440787071
418,Dropout,0.0737118892749513,0.1147954162799087,0.81149269444514
419,Graduate,0.9164786763576577,0.06294524799267187,0.02057607564967039
420,Graduate,0.9198236890269349,0.05447157499295299,0.025704735980112182
421,Graduate,0.8268348796625286,0.13024782845795682,0.04291729187951456
422,Dropout,0.010730348429930262,0.3731311259125671,0.6161385256575027
423,Graduate,0.7639517216079194,0.15259058230534125,0.08345769608673945
424,Graduate,0.6343355623959016,0.29124135686832864,0.07442308073576964
425,Graduate,0.926559713242243,0.06299078759479075,0.010449499162966357
426,Graduate,0.9373873533253205,0.049807769435605755,0.012804877239073599
427,Graduate,0.6971465149514731,0.23170193841872475,0.07115154662980225
428,Graduate,0.5889049186102723,0.24890096272643902,0.16219411866328876
429,Dropout,0.3201047040420347,0.1346401083841763,0.545255187573789
430,Dropout,0.0008670269307005697,0.008613331155793833,0.9905196419135056
431,Dropout,0.09607070047335715,0.1266760424859544,0.7772532570406884
432,Graduate,0.6572467727247338,0.17547098694943425,0.16728224032583208
433,Dropout,0.18474250063230233,0.10934603485560702,0.7059114645120906
434,Dropout,0.00027966960207106376,0.0057248033080184455,0.9939955270899105
435,Graduate,0.9553476872502049,0.028952548773509272,0.015699763976286023
436,Graduate,0.7636853279926876,0.13767571131187237,0.09863896069544002
437,Graduate,0.8110577993878358,0.10713297016736682,0.08180923044479733
438,Dropout,5.624442693603153e-06,0.0102425749621042,0.9897518005952023
439,Graduate,0.955102223299363,0.033227954884501615,0.011669821816135552
440,Graduate,0.8380151093882152,0.11366803368096176,0.048316856930823056
441,Graduate,0.8109326572391654,0.13814923145570812,0.05091811130512652
442,Graduate,0.9157576372851755,0.06517048939175012,0.01907187332307454
443,Graduate,0.6760122694758921,0.2512930126653618,0.07269471785874619
444,Graduate,0.815775680962257,0.13745503388784971,0.0467692851498934
445,Graduate,0.8627998274745078,0.05947848985115064,0.07772168267434146
446,Graduate,0.5132485473331516,0.3539912086365068,0.1327602440303416
447,Graduate,0.6908827400340148,0.21240625767658133,0.09671100228940384
448,Graduate,0.8628264686169893,0.09740555679167233,0.03976797459133837
449,Graduate,0.9070386015752648,0.07187651228902864,0.02108488613570665
450,Graduate,0.9487205726644308,0.04310463083420893,0.008174796501360332
451,Graduate,0.8983305036538882,0.07282868082606139,0.028840815520050505
452,Dropout,0.00021818787237483868,0.002827062242381044,0.9969547498852441
453,Graduate,0.6941462934185526,0.20651430230747245,0.09933940427397503
454,Enrolled,0.01847534065905296,0.6311910429221397,0.3503336164188073
455,Dropout,0.001347669933152853,0.016556956354697804,0.9820953737121494
456,Graduate,0.8182402669939002,0.13563959248958735,0.04612014051651245
457,Graduate,0.5113156083021879,0.3918327325790057,0.09685165911880629
458,Dropout,0.007511794092089681,0.026427154568027703,0.9660610513398826
459,Graduate,0.5592325538459008,0.3273061327774204,0.11346131337667882
460,Dropout,0.01664689382876109,0.04557604099971608,0.9377770651715228
461,Dropout,0.00039024485764688237,0.06437053558090128,0.9352392195614518
462,Dropout,0.0002517985084383866,0.12157324890798298,0.8781749525835786
463,Graduate,0.766034716192247,0.1926623516847411,0.04130293212301186
464,Graduate,0.797074746870983,0.12388387482578017,0.07904137830323682
465,Graduate,0.8840443023728511,0.0966725713607371,0.019283126266411727
466,Graduate,0.6939307535826601,0.2302009896484742,0.07586825676886576
467,Graduate,0.8694860265477632,0.09885746482825597,0.031656508623980895
468,Graduate,0.7178961823693931,0.18141372828643243,0.10069008934417457
469,Dropout,0.04217852136128169,0.13894619754114154,0.8188752810975768
470,Enrolled,0.32559737859866517,0.41693454918655354,0.25746807221478124
471,Dropout,0.019781360694722812,0.2001083500204305,0.7801102892848466
472,Graduate,0.8309859689454795,0.09533689821678852,0.07367713283773197
473,Graduate,0.6486928312410319,0.303398400297821,0.04790876846114706
474,Graduate,0.8730319768710909,0.095261192207584,0.031706830921325174
475,Dropout,0.04622216347027567,0.28485508619346345,0.6689227503362609
476,Dropout,0.09849570863303264,0.07708695563791032,0.8244173357290571
477,Graduate,0.6846631644598857,0.17747015527840165,0.1378666802617127
478,Graduate,0.8871428086902249,0.08504745196810808,0.027809739341666983
479,Graduate,0.8771405985261009,0.08178605434089356,0.04107334713300558
480,Dropout,0.00204233756783459,0.004344608046374936,0.9936130543857905
481,Dropout,0.0026914247799241075,0.177647276837415,0.8196612983826609
482,Dropout,0.0015399065723945699,0.1143677374612603,0.8840923559663452
483,Dropout,3.687738865541056e-05,0.032705333910028875,0.9672577887013156
484,Graduate,0.7902205185160706,0.1456439777452322,0.0641355037386972
485,Graduate,0.7680678833250505,0.13214242163517242,0.09978969503977708
486,Enrolled,0.3176243267819158,0.5040688347158944,0.1783068385021898
487,Graduate,0.902600943343021,0.06941488021611941,0.027984176440859522
488,Dropout,0.11393839535072099,0.16220562996252652,0.7238559746867526
489,Graduate,0.8448418517430619,0.12507826408371284,0.03007988417322529
490,Dropout,0.2195600750364377,0.3289926520176682,0.4514472729458941
491,Graduate,0.805737967541543,0.17559679793461785,0.01866523452383907
492,Graduate,0.6728799074985006,0.20973798045238234,0.11738211204911708
493,Graduate,0.6809778804067991,0.23475263157770404,0.08426948801549689
494,Graduate,0.7920657211485586,0.13889562939321556,0.06903864945822585
495,Dropout,0.14705575341591304,0.17425584540965597,0.678688401174431
496,Graduate,0.9369627174739132,0.04357440768852924,0.01946287483755758
497,Graduate,0.8907589559582239,0.07303891750927967,0.03620212653249643
498,Graduate,0.4261964996805192,0.41264785380351415,0.16115564651596656
499,Graduate,0.9692894227869344,0.02448515081458935,0.006225426398476182
500,Dropout,0.03684441116619092,0.10951392110241676,0.8536416677313924
501,Enrolled,0.06425330902475818,0.5309236770687239,0.40482301390651787
502,Graduate,0.9100198496017622,0.06650124672772344,0.023478903670514462
503,Graduate,0.9608434425059375,0.03005443872002032,0.00910211877404231
504,Dropout,0.006939444161333949,0.14588727862482,0.847173277213846
505,Graduate,0.7958849130303661,0.12703327439039558,0.07708181257923827
506,Dropout,0.00223487147247754,0.20907158697315242,0.78869354155437
507,Enrolled,0.3040347027796527,0.55676232183986,0.1392029753804874
508,Graduate,0.6940542239709355,0.2507328811685086,0.055212894860556014
509,Graduate,0.8451323257722877,0.09360471921656244,0.061262955011149894
510,Graduate,0.6981703975542967,0.17735649407859042,0.12447310836711287
511,Graduate,0.7117700530007406,0.16193518924061825,0.12629475775864116
512,Graduate,0.43424337553154285,0.36177528530671277,0.2039813391617444
513,Graduate,0.8667927985848668,0.09718407802848451,0.03602312338664872
514,Graduate,0.6800687234866017,0.13726655634301513,0.18266472017038304
515,Dropout,0.007668689344531343,0.23700394330538307,0.7553273673500854
516,Graduate,0.9655699374634036,0.028368814114830734,0.006061248421765719
517,Dropout,0.14844805308098694,0.30647334642231805,0.545078600496695
518,Graduate,0.7004670943712454,0.16364492264669306,0.1358879829820615
519,Enrolled,0.43324219905941047,0.48438677927408086,0.08237102166650877
520,Graduate,0.5539879974047845,0.2785172032503838,0.1674947993448316
521,Graduate,0.38339361230830876,0.24868212945891136,0.3679242582327798
522,Dropout,0.047430910943909284,0.21309567493786874,0.739473414118222
523,Graduate,0.9357488370187514,0.045170134504315076,0.01908102847693339
524,Dropout,0.1496199169797927,0.3618943832724937,0.4884856997477135
525,Graduate,0.8908190138309287,0.064111252239422,0.04506973392964939
526,Graduate,0.6924729317644959,0.20952726261712235,0.0979998056183819
527,Graduate,0.9249829209911604,0.06334443422978459,0.011672644779055079
528,Graduate,0.7885488830975388,0.13679014875453585,0.07466096814792544
529,Enrolled,0.1321707360483991,0.5882021846547641,0.2796270792968368
530,Graduate,0.9227515902532812,0.05683820981254574,0.02041019993417301
531,Dropout,6.823227406897743e-05,0.01278471843941466,0.9871470492865163
532,Graduate,0.6574004636564863,0.2228309713835141,0.11976856495999948
533,Graduate,0.8873101396928978,0.08657917366275508,0.026110686644347056
534,Dropout,0.012150007572508502,0.2982613176762851,0.6895886747512064
535,Dropout,0.3732943020951622,0.17577291063481193,0.4509327872700259
536,Graduate,0.8237408187811774,0.11732063295078336,0.05893854826803912
537,Enrolled,0.015034100263682456,0.5435236899110577,0.44144220982525983
538,Graduate,0.8944417960615428,0.08023153951718236,0.025326664421274788
539,Graduate,0.8102263141236244,0.16764735301795394,0.02212633285842147
540,Dropout,0.21692757923485614,0.1864470304003565,0.5966253903647873
541,Dropout,0.16618267156461522,0.34950586684957086,0.48431146158581384
542,Dropout,0.004085400428092002,0.009636422996004779,0.9862781765759033
543,Graduate,0.7816772980850393,0.13421962877144655,0.08410307314351426
544,Graduate,0.6586808571483477,0.24018295517910782,0.10113618767254458
545,Dropout,0.002667745538376009,0.021597931684548294,0.9757343227770757
546,Dropout,0.007270509537269484,0.021591928050863303,0.9711375624118672
547,Graduate,0.9347612795373429,0.05185117241168656,0.013387548050970565
548,Dropout,0.0033155675372913396,0.01342769017799076,0.9832567422847179
549,Dropout,9.278947496744621e-05,0.01037589945212765,0.989531311072905
550,Graduate,0.622151752228906,0.28206635820981535,0.09578188956127877
551,Graduate,0.8573284485778864,0.10080450924189435,0.04186704218021916
552,Graduate,0.7771268541518196,0.15281970811699372,0.0700534377311869
553,Graduate,0.8794503227723306,0.09127915568004084,0.029270521547628485
554,Enrolled,0.03744980306081424,0.5259758611407148,0.4365743357984708
555,Graduate,0.9455724482809585,0.04243664270272869,0.011990909016312598
556,Graduate,0.8949975444714282,0.061393055064705444,0.04360940046386637
