row_id,predicted_label,prob_Graduate,prob_Enrolled,prob_Dropout
0,Graduate,0.7460914846410467,0.18915254926991593,0.06475596608903746
1,Dropout,0.01648074639832626,0.15585234570669876,0.827666907894975
2,Graduate,0.7960866219630547,0.161803616878957,0.042109761157988305
3,Dropout,0.20735230398046897,0.08585299722700719,0.7067946987925239
4,Graduate,0.7396634581194773,0.14444120854215042,0.11589533333837211
5,Graduate,0.6604146481220223,0.21872420760627703,0.12086114427170076
6,Dropout,0.06899208036043578,0.37793522868758567,0.5530726909519785
7,Graduate,0.5174907346536547,0.32913360427854155,0.15337566106780373
8,Dropout,0.03783689647864741,0.4181797052972815,0.543983398224071
9,Graduate,0.42396901688716404,0.38217395339985066,0.1938570297129853
10,Enrolled,0.07947169936181372,0.5624806745004172,0.35804762613776914
11,Graduate,0.923649347601986,0.05843896185448325,0.017911690543530617
12,Dropout,0.016282640522385605,0.4910442700572381,0.49267308942037624
13,Graduate,0.7883479961421698,0.15946538099248692,0.052186622865343237
14,Dropout,0.03931348198686461,0.11925432185156527,0.8414321961615702
15,Graduate,0.7029334652471658,0.22284021423646258,0.07422632051637168
16,Enrolled,0.029720899313662844,0.5758362506411109,0.3944428500452263
17,Graduate,0.6362246895111472,0.18460085585515784,0.17917445463369508
18,Graduate,0.8196908570824444,0.13961576088579958,0.04069338203175605
19,Graduate,0.7135805661350939,0.16720992261976964,0.11920951124513644
20,Graduate,0.9140744240107421,0.04498707331790777,0.040938502671350095
21,Enrolled,0.31442038738322553,0.3603527978842849,0.3252268147324895
22,Dropout,0.17075177040631512,0.3113958052854817,0.5178524243082031
23,Enrolled,0.27371760550880675,0.5161741059929275,0.21010828849826577
24,Graduate,0.9619334571628632,0.031132081942394446,0.006934460894742362
25,Graduate,0.8356878496554786,0.10672388718996148,0.057588263154559824
26,Graduate,0.6939857485329869,0.1996973820282769,0.10631686943873621
27,Dropout,0.11460930028001755,0.08449203055973582,0.8008986691602465
28,Dropout,0.3306375890428422,0.12673602934634642,0.5426263816108113
29,Graduate,0.9072602633851126,0.07202222944418249,0.020717507170705123
30,Graduate,0.9184510687795254,0.06000233829214636,0.021546592928328088
31,Dropout,0.025136713846047275,0.15987893935338351,0.8149843468005692
32,Dropout,0.005829528561623811,0.09771143862443173,0.8964590328139445
33,Graduate,0.3683535807790085,0.31715571865440684,0.3144907005665846
34,Graduate,0.9332219610991627,0.043951869544157925,0.02282616935667931
35,Dropout,0.006294534996878325,0.02267791688431837,0.9710275481188033
36,Graduate,0.5802852445150627,0.21933660131099983,0.20037815417393742
37,Graduate,0.9139364737566507,0.06899314606395392,0.017070380179395453
38,Graduate,0.7279110786531687,0.2196046712082089,0.0524842501386223
39,Graduate,0.7999616430121355,0.14436336666119243,0.055674990326672134
40,Graduate,0.9000678838222694,0.06954633804101856,0.030385778136711856
41,Enrolled,0.08979323503547541,0.7111213407797211,0.19908542418480357
42,Dropout,0.11664055294587344,0.1320433374496929,0.7513161096044337
43,Graduate,0.8079679109426968,0.16507434506197508,0.026957743995328007
44,Dropout,0.20546037190156496,0.25141781321350837,0.5431218148849266
45,Graduate,0.8239657443990145,0.1020921830574556,0.07394207254352979
46,Dropout,0.0006283832250754591,0.10947874963392454,0.8898928671409999
47,Graduate,0.8495993580160818,0.10836711857813525,0.042033523405783035
48,Dropout,0.1794524098797851,0.12053483947321376,0.7000127506470012
49,Dropout,0.004167758088415323,0.008748045898971652,0.9870841960126131
50,Graduate,0.9151232120286699,0.06667133465215745,0.018205453319172792
51,Graduate,0.9069200698528759,0.07323657744012381,0.019843352707000186
52,Graduate,0.9147235918735355,0.06407024521771235,0.02120616290875227
53,Graduate,0.5008584089283603,0.36910124113038983,0.13004034994124988
54,Graduate,0.9541886989643584,0.03654065626272299,0.009270644772918687
55,Enrolled,0.1678584124942819,0.4420784208476162,0.3900631666581019
56,Graduate,0.781872323029735,0.11935969183579774,0.09876798513446726
57,Graduate,0.8373751275986143,0.09652453256730403,0.06610033983408174
58,Graduate,0.6287982193411842,0.18558797657668066,0.18561380408213513
59,Graduate,0.8097813326217025,0.13011174857298627,0.060106918805311146
60,Dropout,0.041932476618249545,0.04978400128353266,0.9082835220982177
61,Graduate,0.8361994340420861,0.12987129660181637,0.0339292693560975
62,Graduate,0.8766859322006073,0.10528857512852625,0.018025492670866422
63,Graduate,0.5232845961889896,0.35404196283751105,0.12267344097349946
64,Graduate,0.6355746309758595,0.2891130131287402,0.07531235589540025
65,Graduate,0.9592060190231674,0.031340739474237364,0.009453241502595274
66,Graduate,0.7211088754637881,0.22031858852350175,0.058572536012710015
67,Dropout,0.18615008995681895,0.12483253101179766,0.6890173790313835
68,Dropout,0.003372397972980854,0.023134676911747608,0.9734929251152715
69,Dropout,0.0003958243802278612,0.009804548762306513,0.9897996268574656
70,Dropout,2.0655665782791543e-05,0.04887183354546746,0.9511075107887498
71,Enrolled,0.3431331837637703,0.3690372865009138,0.28782952973531595
72,Graduate,0.9476525428798083,0.0407953321957673,0.011552124924424522
73,Enrolled,0.04971515623520676,0.5479133775906925,0.4023714661741008
74,Enrolled,0.2532502635086977,0.5759737410777438,0.17077599541355848
75,Graduate,0.7686648939944466,0.18174946655431676,0.04958563945123656
76,Graduate,0.9232810907393535,0.055656839643569454,0.02106206961707713
77,Graduate,0.838308924698148,0.12232980132694714,0.039361273974904895
78,Dropout,0.011110233951152801,0.17252952355563325,0.8163602424932139
79,Graduate,0.42491349715882326,0.3083963269242854,0.2666901759168913
80,Graduate,0.9103622595973487,0.0626632393934129,0.026974501009238303
81,Graduate,0.8670646062679875,0.10989991361497359,0.02303548011703889
82,Enrolled,0.08102896864484208,0.5652873829874526,0.3536836483677053
83,Graduate,0.8369144391655646,0.12440947068110861,0.03867609015332684
84,Graduate,0.9009100759143283,0.05330420141835361,0.045785722667318014
85,Graduate,0.8838873641239241,0.07965289987791249,0.03645973599816327
86,Graduate,0.7626722013956425,0.15978174511752344,0.07754605348683401
87,Graduate,0.7050006541263335,0.1484155270241596,0.1465838188495069
88,Dropout,0.0167735029584939,0.29438387850834585,0.6888426185331603
89,Graduate,0.44073813206295326,0.42123516072504,0.13802670721200672
90,Graduate,0.516224599532404,0.33987494149940967,0.1439004589681864
91,Graduate,0.4592326144297901,0.3488039758871314,0.1919634096830786
92,Graduate,0.9630149363391028,0.028675936767883103,0.008309126893014074
93,Enrolled,0.24856673104502133,0.4567342018773924,0.2946990670775862
94,Graduate,0.7224674885333635,0.1843455051409868,0.0931870063256497
95,Graduate,0.9094488255543466,0.06595394666004567,0.024597227785607696
96,Graduate,0.9028940553296192,0.07506545172428646,0.02204049294609429
97,Graduate,0.7830771345486419,0.13370380105421092,0.08321906439714712
98,Graduate,0.736019303740531,0.2077134191019413,0.05626727715752766
99,Dropout,0.08052141234797512,0.03910679591952745,0.8803717917324975
100,Dropout,0.001600378178075092,0.009296023268147933,0.9891035985537769
101,Graduate,0.8623022297761158,0.11665969583067892,0.0210380743932051
102,Dropout,0.00012445145236806494,0.016635236163586354,0.9832403123840455
103,Graduate,0.9213430887331139,0.0629463955069068,0.0157105157599793
104,Dropout,0.013798808865964102,0.31535484091407806,0.6708463502199579
105,Graduate,0.5787386984537108,0.30900956054063966,0.1122517410056496
106,Dropout,0.0038371872505953194,0.22647110198063652,0.7696917107687682
107,Graduate,0.5829972670654231,0.22335319883626736,0.1936495340983096
108,Enrolled,0.1529115750234116,0.4995786038703327,0.3475098211062558
109,Graduate,0.9197050553530737,0.059924157176135945,0.020370787470790443
110,Dropout,0.1518939014044032,0.12404805365654556,0.7240580449390511
111,Dropout,0.02871283291520364,0.015987710411087992,0.9552994566737083
112,Graduate,0.729336889508715,0.11046130773644625,0.16020180275483883
113,Graduate,0.8802027607523515,0.09268735399554241,0.02710988525210608
114,Graduate,0.8654749602884486,0.06117085904390626,0.07335418066764511
115,Graduate,0.5507227567348045,0.2497015116261347,0.1995757316390608
116,Dropout,7.323583616435508e-05,0.009998172800371297,0.9899285913634644
117,Graduate,0.36743595314156385,0.35939763086222726,0.2731664159962089
118,Dropout,9.67426123444732e-06,0.019535282432916516,0.9804550433058491
119,Dropout,1.9132621831967644e-05,0.012680716156893044,0.987300151221275
120,Graduate,0.9430974438201848,0.04625924169560082,0.010643314484214465
121,Graduate,0.6981980297518939,0.19655767209017613,0.10524429815792985
122,Graduate,0.9220591962611013,0.05475802940207349,0.02318277433682506
123,Dropout,2.9037309362659977e-05,0.06939906793628174,0.9305718947543556
124,Graduate,0.8696047731202763,0.08294081759812275,0.04745440928160093
125,Dropout,0.10939728672544229,0.22667304178987457,0.6639296714846832
126,Graduate,0.5709222625759888,0.35522475450219715,0.07385298292181408
127,Graduate,0.919138887182709,0.06651682152484148,0.014344291292449506
128,Dropout,0.00025508108825519606,0.04521807473446276,0.954526844177282
129,Graduate,0.9680091742045678,0.02404309870362476,0.007947727091807612
130,Graduate,0.7287443104264772,0.20912980629546501,0.06212588327805761
131,Graduate,0.8425326054142894,0.10509286375367576,0.05237453083203472
132,Graduate,0.6625739883838487,0.2984234472426866,0.039002564373464645
133,Graduate,0.8830283432566288,0.0942588654275786,0.022712791315792454
134,Graduate,0.9009029143865264,0.07660607942753259,0.022491006185941145
135,Graduate,0.8903555833005101,0.08478137754832717,0.024863039151162745
136,Dropout,7.960471083202252e-05,0.005015437486032985,0.9949049578031349
137,Graduate,0.8858144720364959,0.08679375414846029,0.027391773815043874
138,Graduate,0.5141011279812381,0.34116865423952114,0.14473021777924092
139,Graduate,0.8410429762461634,0.10239531591667579,0.05656170783716082
140,Graduate,0.8504557892904895,0.1084287898912154,0.041115420818295195
141,Dropout,0.09003595648785712,0.12598132639723592,0.7839827171149069
142,Graduate,0.7345784300626925,0.222304938627235,0.04311663131007235
143,Graduate,0.7371388388110552,0.21406506834145286,0.048796092847491916
144,Graduate,0.9265146724989924,0.05049743051439839,0.02298789698660922
145,Graduate,0.9129934873512918,0.059779216159720046,0.027227296488988067
146,Graduate,0.5276203388181757,0.24106169409975295,0.23131796708207142
147,Dropout,0.1089303156944977,0.10511377182006196,0.7859559124854404
148,Enrolled,0.2630382162328084,0.4176501249824833,0.3193116587847083
149,Enrolled,0.025575053222265953,0.6784747181560083,0.2959502286217257
150,Dropout,0.10520803684256584,0.08134621683136625,0.813445746326068
151,Graduate,0.8476397529123623,0.10262549919962129,0.04973474788801659
152,Dropout,0.025493193498916867,0.3514240030096413,0.6230828034914419
153,Graduate,0.5716294102158693,0.32722491759076905,0.10114567219336167
154,Graduate,0.42335137282538193,0.37669873884758376,0.19994988832703425
155,Dropout,6.42328407313286e-05,0.07822462081886519,0.9217111463404034
156,Graduate,0.7998960815665014,0.10431757108051948,0.09578634735297917
157,Graduate,0.5698727642081737,0.20948550170247499,0.22064173408935125
158,Enrolled,0.14508782397115694,0.5284907262146556,0.3264214498141874
159,Graduate,0.8302511137800836,0.1318178738399542,0.0379310123799621
160,Graduate,0.5767778534688761,0.29141842564593423,0.13180372088518957
161,Dropout,0.00010419906699568737,0.008427263759027331,0.991468537173977
162,Dropout,0.01521166471152441,0.3215105732004829,0.6632777620879927
163,Graduate,0.5659036690564838,0.2853723166968476,0.1487240142466686
164,Dropout,0.042006207662279596,0.3379474336082221,0.6200463587294982
165,Graduate,0.9143920885014916,0.06006552533774485,0.025542386160763552
166,Enrolled,0.08940012496168567,0.5628365542439954,0.34776332079431893
167,Graduate,0.8839814346118378,0.06975835058142064,0.0462602148067415
168,Graduate,0.8556865086706156,0.1224641766348397,0.021849314694544732
169,Graduate,0.8072580592471816,0.10196317146069749,0.0907787692921209
170,Graduate,0.8041385097747247,0.12880623725787751,0.06705525296739794
171,Graduate,0.9165005304966486,0.06580774130133503,0.017691728202016265
172,Enrolled,0.10601663328137635,0.6317499183430484,0.26223344837557516
173,Graduate,0.8558676116695962,0.11555129356202617,0.028581094768377602
174,Graduate,0.9641109677382166,0.03003778942152013,0.0058512428402632466
175,Dropout,0.00634031863280878,0.37212763720104886,0.6215320441661424
176,Graduate,0.8177928234118448,0.14667278037789225,0.03553439621026313
177,Graduate,0.6615070058040801,0.20107863361872955,0.1374143605771904
178,Enrolled,0.09604364979554736,0.5263211668213305,0.3776351833831222
179,Graduate,0.810025577861205,0.11472685189559252,0.07524757024320256
180,Dropout,0.00015768919940970625,0.024350665992095153,0.9754916448084953
181,Enrolled,0.3771360031358248,0.44501116440912786,0.17785283245504727
182,Graduate,0.5312392450174607,0.30296015980321045,0.16580059517932882
183,Graduate,0.9244001822653287,0.05895336815305343,0.016646449581617713
184,Graduate,0.8976276201181214,0.08408580159140029,0.018286578290478465
185,Enrolled,0.12714267870637833,0.5218231291384582,0.35103419215516346
186,Graduate,0.9491550184505628,0.042233641981097414,0.008611339568339663
187,Graduate,0.6082712366155613,0.2705114172948801,0.12121734608955856
188,Enrolled,0.02553552489431943,0.5589242450859088,0.4155402300197717
189,Graduate,0.9319938534621551,0.048688539241433515,0.019317607296411455
190,Dropout,0.09536642173306069,0.3116331543101612,0.5930004239567781
191,Dropout,0.1393885055618062,0.08572913728983386,0.7748823571483598
192,Graduate,0.7411353669743395,0.1607371831736311,0.0981274498520295
193,Dropout,0.219938616523746,0.23160167201413706,0.5484597114621169
194,Graduate,0.9088296830145498,0.06890145991131287,0.02226885707413748
195,Dropout,0.005992215384846926,0.11814511198637666,0.8758626726287765
196,Graduate,0.7515067440794926,0.18294761836497409,0.06554563755553333
197,Graduate,0.5549659135084176,0.26575555165451437,0.17927853483706804
198,Dropout,0.007811259385138228,0.31951145244360213,0.6726772881712596
199,Graduate,0.6851187048710949,0.19489362975620703,0.11998766537269795
200,Graduate,0.5812767466900194,0.3252717950447183,0.09345145826526234
201,Graduate,0.5743717510767286,0.33724996681594793,0.08837828210732353
202,Graduate,0.7461341644946066,0.15932529127087083,0.0945405442345228
203,Enrolled,0.16221889496813327,0.6681075240073234,0.1696735810245433
204,Graduate,0.8559851885152824,0.07971190275593586,0.06430290872878172
205,Enrolled,0.008267195315293166,0.5798768932512826,0.41185591143342426
206,Graduate,0.46006078487949886,0.3197575977426047,0.22018161737789657
207,Dropout,0.0490961901672106,0.1717086209264817,0.7791951889063077
208,Dropout,0.00027975455703552676,0.02445298240036849,0.9752672630425959
209,Dropout,0.01604800723809278,0.40541845397334614,0.5785335387885611
210,Graduate,0.9113831946769736,0.05907257302026907,0.02954423230275755
211,Graduate,0.6460932491281106,0.20767879508510564,0.14622795578678371
212,Enrolled,0.0532424766688099,0.7254735384459604,0.2212839848852298
213,Graduate,0.9394565368787556,0.04367601644537769,0.016867446675866708
214,Graduate,0.929426983334335,0.052639112435269975,0.017933904230395172
215,Dropout,0.00655668103828656,0.1910042002861709,0.8024391186755425
216,Dropout,0.0062990127987255454,0.197373460792182,0.7963275264090925
217,Graduate,0.5010090678971031,0.30909008811365624,0.1899008439892407
218,Enrolled,0.24532364743347354,0.43621587854880045,0.31846047401772587
219,Graduate,0.6844258112232303,0.22271777338431042,0.09285641539245909
220,Enrolled,0.15931201499688846,0.4367057476931347,0.4039822373099769
221,Graduate,0.7677075709434111,0.15073347697705314,0.08155895207953574
222,Graduate,0.925048533440269,0.053219481222261646,0.02173198533746927
223,Graduate,0.9627514155166003,0.031221235638579575,0.006027348844820115
224,Enrolled,0.34593213310864057,0.3746990960735882,0.27936877081777123
225,Graduate,0.749672618701675,0.20035453246271115,0.0499728488356138
226,Enrolled,0.030158219671767628,0.5282084225439206,0.4416333577843117
227,Dropout,0.012691607860608104,0.09913238098107618,0.8881760111583158
228,Dropout,0.2738799009253227,0.18484931384677145,0.5412707852279058
229,Graduate,0.8844276579877297,0.08998986686258556,0.025582475149684567
230,Graduate,0.8022088226532691,0.14579799238331198,0.05199318496341881
231,Dropout,0.05984751640563396,0.04647454886603333,0.8936779347283328
232,Graduate,0.9492389101304414,0.037581011933470285,0.013180077936088413
233,Dropout,0.006236130226109835,0.15758642603649095,0.8361774437373992
234,Graduate,0.5008915103860168,0.3207959035130318,0.17831258610095146
235,Dropout,0.0008824232113440067,0.0492757700885898,0.9498418067000662
236,Dropout,0.16345529523931623,0.18641454944349453,0.6501301553171892
237,Graduate,0.918840862392521,0.0695274815796867,0.01163165602779228
238,Dropout,0.005251400765451581,0.02570928221086241,0.969039317023686
239,Graduate,0.5366848548578262,0.3329230958384269,0.13039204930374693
240,Graduate,0.9370891818276701,0.04674510635892142,0.016165711813408624
241,Graduate,0.8812382502614193,0.0818769452373306,0.03688480450124997
242,Dropout,0.007002771217847753,0.02887837178060763,0.9641188570015445
243,Enrolled,0.3344865296063415,0.41792212481883173,0.24759134557482682
244,Graduate,0.9227394787228037,0.0606576088010064,0.01660291247618975
245,Dropout,0.00014074202125876196,0.01323709502219223,0.9866221629565489
246,Graduate,0.789646958978713,0.1314569500901624,0.07889609093112473
247,Dropout,0.1450486305446482,0.4261034556226247,0.4288479138327272
248,Dropout,0.00019414986141904727,0.02076659544727647,0.9790392546913046
249,Graduate,0.9462812103773188,0.044020469196413434,0.009698320426267799
250,Dropout,0.4079967492198065,0.08082094076584838,0.5111823100143451
251,Graduate,0.7867867785200486,0.13170312934939127,0.08151009213056021
252,Graduate,0.8826583869775255,0.08857894683984788,0.02876266618262659
253,Graduate,0.8512630764735901,0.10754568491756736,0.04119123860884247
254,Graduate,0.6187423572549288,0.2254115470152491,0.1558460957298222
255,Dropout,0.004259020041142967,0.14896276359947555,0.8467782163593816
256,Graduate,0.9507556878914954,0.043839678381137864,0.005404633727366726
257,Graduate,0.8540393188732203,0.0966953264796684,0.04926535464711142
258,Graduate,0.8124228894312188,0.09554087613789346,0.09203623443088778
259,Dropout,0.004679313642241361,0.4160642356414673,0.5792564507162915
260,Dropout,0.025631610562960823,0.1844920743402197,0.7898763150968194
261,Graduate,0.9051002301341334,0.06599779396605913,0.02890197589980751
262,Dropout,0.0006050743502065681,0.018437197325951636,0.9809577283238419
263,Dropout,0.09397111929928442,0.4078061994573372,0.49822268124337843
264,Graduate,0.6760213264405359,0.10282166694094665,0.22115700661851737
265,Graduate,0.8278687678143929,0.09767175095671957,0.07445948122888758
266,Graduate,0.9111409737224935,0.06135632389925971,0.027502702378246705
267,Graduate,0.6121479150613705,0.23261449219848554,0.15523759274014415
268,Dropout,8.625232141243062e-05,0.031118139052302686,0.9687956086262849
269,Dropout,0.0017415443409234885,0.28053306405213974,0.7177253916069368
270,Graduate,0.8789205810982742,0.08896307132471823,0.032116347577007584
271,Dropout,6.170631897379632e-05,0.03903880467402869,0.9608994890069975
272,Graduate,0.5862765441935551,0.255217136481041,0.15850631932540377
273,Dropout,0.0012812051305132461,0.010917417198045407,0.9878013776714414
274,Graduate,0.9485675178789604,0.03818525577512315,0.013247226345916328
275,Graduate,0.9078640835261415,0.061524474784366186,0.03061144168949224
276,Enrolled,0.14843818428265124,0.5284452800777144,0.32311653563963444
277,Graduate,0.961656709602042,0.029590236038368356,0.008753054359589537
278,Dropout,0.21787369052597153,0.13181049643111056,0.6503158130429179
279,Dropout,0.2944388218674984,0.22962787750837518,0.4759333006241264
280,Graduate,0.5788217784343515,0.3181039305223222,0.10307429104332641
281,Enrolled,0.3237867649655117,0.4440266071460652,0.2321866278884231
282,Dropout,0.00010435966408104488,0.021993560415614066,0.9779020799203049
283,Graduate,0.9078825539194567,0.07870734534756099,0.013410100732982254
284,Dropout,0.13496400623388816,0.10195560953593268,0.7630803842301792
285,Dropout,0.12592054291162846,0.1129401111551302,0.7611393459332413
286,Dropout,8.955908682509834e-05,0.010461071287128629,0.9894493696260463
287,Graduate,0.8319606505739267,0.1235484541913904,0.04449089523468303
288,Graduate,0.8257015277322658,0.09392838525856083,0.0803700870091734
289,Dropout,0.28359804589240717,0.12881588220820592,0.5875860718993869
290,Graduate,0.9039256045578179,0.06972488255034577,0.026349512891836197
291,Dropout,0.18722362230350995,0.23577880355757175,0.5769975741389183
292,Graduate,0.8395991710936858,0.0978544713752817,0.06254635753103266
293,Graduate,0.873139731777853,0.0900153150929597,0.036844953129187216
294,Dropout,0.034898310492549676,0.3034965322477061,0.6616051572597442
295,Graduate,0.9340978637902193,0.04987502053948257,0.016027115670298055
296,Dropout,0.0023906493387862164,0.011377151936855323,0.9862321987243584
297,Graduate,0.9232148770302786,0.06467940534024112,0.012105717629480216
298,Enrolled,0.30055715807488137,0.5327940924214778,0.1666487495036409
299,Graduate,0.8422462633854997,0.1037142940132675,0.0540394426012329
300,Graduate,0.8761341764471591,0.08679909089040194,0.037066732662438914
301,Enrolled,0.13826580307340358,0.45596904228413715,0.4057651546424593
302,Graduate,0.847982220389687,0.08991442298881286,0.062103356621500114
303,Graduate,0.7518455606730442,0.19269107703599378,0.05546336229096209
304,Graduate,0.8944513702205108,0.05765401093864604,0.047894618840843346
305,Graduate,0.8751533683656092,0.07815882629495431,0.04668780533943658
306,Dropout,0.22798047647562805,0.1424794714895173,0.6295400520348546
307,Dropout,0.01758953576757957,0.22812894219855143,0.754281522033869
308,Dropout,0.2071283990199232,0.26419566267114275,0.5286759383089341
309,Enrolled,0.044785700420213855,0.5975239750234359,0.3576903245563502
310,Dropout,0.009730595333828168,0.15707261066901207,0.8331967939971597
311,Dropout,0.3430990886655257,0.16314921847845634,0.49375169285601794
312,Dropout,0.0005059958846019564,0.015112216385272314,0.9843817877301257
313,Graduate,0.8727056762627626,0.082337313193094,0.04495701054414345
314,Dropout,0.04240654483281639,0.08480668160796433,0.8727867735592193
315,Graduate,0.894438950450344,0.08001298726984149,0.02554806227981444
316,Graduate,0.8990733581499846,0.05193317757968621,0.0489934642703293
317,Graduate,0.8617114976045921,0.10691369596607538,0.03137480642933246
318,Dropout,0.0007238837896687383,0.024236007526332544,0.9750401086839987
319,Graduate,0.6353767790501832,0.2543662028806955,0.11025701806912132
320,Graduate,0.7667089056996352,0.1281983936303352,0.10509270067002952
321,Enrolled,0.2958982455138447,0.49482567702063807,0.20927607746551727
322,Dropout,0.0010464376798720268,0.014066417312771372,0.9848871450073566
323,Graduate,0.9149301670655825,0.06648480747529963,0.01858502545911776
324,Graduate,0.48778727769757446,0.3275772283480966,0.18463549395432896
325,Graduate,0.6547481570158489,0.23342847139285774,0.11182337159129348
326,Dropout,0.008478127029324972,0.1894575039051806,0.8020643690654944
327,Graduate,0.9422096796087039,0.04164978781061404,0.01614053258068217
328,Graduate,0.8411411938048516,0.11580454025811587,0.04305426593703239
329,Graduate,0.8949385830437543,0.08265933472441812,0.02240208223182747
330,Dropout,0.00011302072694275153,0.02085544692156411,0.9790315323514931
331,Graduate,0.7774816599077068,0.12565928092989584,0.09685905916239729
332,Dropout,0.12038022141481822,0.09158773795989288,0.7880320406252889
333,Graduate,0.9551836873146017,0.03661861009275968,0.008197702592638625
334,Graduate,0.9020512069558382,0.08646977857306318,0.011479014471098666
335,Dropout,0.06280515641444209,0.4593070218401457,0.4778878217454121
336,Dropout,0.05671757043246157,0.19019494168217038,0.7530874878853681
337,Enrolled,0.09751784449537015,0.5041889997298745,0.3982931557747554
338,Dropout,0.24165619381593087,0.3408491193387276,0.4174946868453417
339,Graduate,0.9117170437653356,0.069789820180894,0.018493136053770478
340,Graduate,0.9578776452511294,0.03575290719108139,0.0063694475577893775
341,Graduate,0.900868529385782,0.072280570267759,0.02685090034645882
342,Graduate,0.8261627141380349,0.10595559258193689,0.06788169328002833
343,Dropout,0.02154222784022909,0.21045337686269833,0.7680043952970727
344,Dropout,0.16892549415760075,0.1176103417964327,0.7134641640459667
345,Graduate,0.9080878565714353,0.06288320420356557,0.029028939224999082
346,Graduate,0.9345664671670466,0.04996035141027441,0.015473181422678998
347,Graduate,0.788520230278781,0.14243071685926423,0.06904905286195463
348,Graduate,0.9009044029365774,0.06488259701737469,0.03421300004604792
349,Graduate,0.945272360165918,0.04264085550085927,0.012086784333222732
350,Dropout,0.004102616774026218,0.12375875984947016,0.8721386233765037
351,Graduate,0.6167224683736651,0.2757382544311958,0.10753927719513914
352,Dropout,0.3061511214089827,0.2988375163228899,0.3950113622681274
353,Dropout,0.10112877173597731,0.08767072932336716,0.8112004989406555
354,Graduate,0.5708905682491835,0.35688927218410565,0.07222015956671088
355,Graduate,0.8508169516620817,0.09089915827800701,0.05828389005991128
356,Dropout,0.022029636442816688,0.2941873500132324,0.683783013543951
357,Dropout,0.0015586870950452909,0.2715710275305091,0.7268702853744456
358,Graduate,0.4730043328770264,0.14833888661718056,0.378656780505793
359,Dropout,4.1169582929215855e-05,0.03182061190544781,0.968138218511623
360,Enrolled,0.17783851273986886,0.4159739076188332,0.4061875796412978
361,Graduate,0.9122771188703523,0.06767050730759454,0.020052373822053066
362,Dropout,0.16644052694137468,0.20718166102263405,0.6263778120359912
363,Dropout,0.21018594437884344,0.1758946413011731,0.6139194143199834
364,Dropout,0.11115245085963593,0.12413982697445591,0.7647077221659082
365,Graduate,0.9423929476595505,0.04669831348270157,0.010908738857747811
366,Dropout,0.004356466944120459,0.05542218003857681,0.9402213530173027
367,Dropout,0.00011370121206500914,0.04786287929343254,0.9520234194945024
368,Graduate,0.641071352936227,0.2203581348019191,0.13857051226185402
369,Enrolled,0.2340183219855329,0.40854689742638467,0.35743478058808253
370,Graduate,0.9279765016524625,0.05755931352576655,0.014464184821771135
371,Dropout,0.005860142492268577,0.1001110531213088,0.8940288043864227
372,Graduate,0.918229656802308,0.056647137835444256,0.02512320536224789
373,Graduate,0.8793573407192841,0.0799896182860602,0.04065304099465567
374,Graduate,0.719963282291908,0.18280619118161986,0.09723052652647211
375,Dropout,0.005536937621533871,0.11248688342147224,0.881976178956994
376,Graduate,0.8176047458611605,0.1309303948583559,0.051464859280483645
377,Graduate,0.8922676566220599,0.07074299705619341,0.036989346321746844
378,Graduate,0.9069955811359837,0.03662453457845025,0.05637988428556593
379,Graduate,0.9501554824623407,0.0399246750754709,0.009919842462188381
380,Dropout,0.0002379689898028749,0.0647021003764313,0.9350599306337658
381,Graduate,0.9074436527967582,0.06503751364652474,0.027518833556717026
382,Graduate,0.40368509366410416,0.39970400438686077,0.19661090194903505
383,Graduate,0.8915491039797347,0.07072215826252067,0.03772873775774463
384,Graduate,0.8233673765150381,0.12241695691389089,0.05421566657107092
385,Dropout,0.014148195604928982,0.1524346612875354,0.8334171431075357
386,Dropout,0.1631913617871745,0.2131191019070297,0.6236895363057957
387,Graduate,0.8642804041895034,0.07940481550392052,0.05631478030657597
388,Graduate,0.852047946954556,0.1134991485563228,0.03445290448912129
389,Dropout,0.056532382613778034,0.03273908665996603,0.9107285307262559
390,Graduate,0.8495677159374883,0.12169813382124202,0.028734150241269577
391,Graduate,0.7404426385071206,0.19906095235330135,0.060496409139578176
392,Enrolled,0.2735297901485166,0.573140255851202,0.15332995400028135
393,Dropout,0.004538412526350005,0.08142738863173458,0.9140341988419154
394,Dropout,0.030995651204118246,0.05468246619242179,0.91432188260346
395,Graduate,0.9544424540396117,0.0338001432466994,0.01175740271368903
396,Graduate,0.5963637688293155,0.29039687417827376,0.11323935699241071
397,Dropout,0.00026857758837272775,0.1575257269656052,0.8422056954460221
398,Graduate,0.9649287160213297,0.030952946024154975,0.004118337954515423
399,Dropout,0.00027767424748346314,0.05033030541734374,0.9493920203351727
400,Dropout,0.32922792487666414,0.3042916553514666,0.3664804197718693
401,Enrolled,0.35301038492478315,0.43555670406888947,0.21143291100632733
402,Dropout,0.18648602447832074,0.12889505464704418,0.684618920874635
403,Graduate,0.8894971444134078,0.08409024940937651,0.02641260617721573
404,Enrolled,0.3290445910318631,0.5568092707898632,0.11414613817827371
405,Dropout,0.0045529770689879435,0.22525611697549477,0.7701909059555172
406,Graduate,0.5649719208473771,0.3098575607249897,0.1251705184276331
407,Graduate,0.6900924630783133,0.2444779120012426,0.06542962492044398
408,Enrolled,0.3977310019486771,0.41034438971005316,0.19192460834126973
409,Graduate,0.8890843949647584,0.07770891803580607,0.033206686999435436
410,Dropout,0.0008116048965327594,0.12253716046611549,0.8766512346373517
411,Dropout,0.022269597145223,0.3124647731696664,0.6652656296851105
412,Graduate,0.8930102610691065,0.08521482962743938,0.02177490930345412
413,Graduate,0.6707671233832398,0.20135999677513902,0.1278728798416211
414,Dropout,1.1511710123813397e-05,0.015530655037588175,0.984457833252288
415,Graduate,0.7594323069555381,0.1377340941564161,0.10283359888804568
416,Enrolled,0.06324258473688794,0.7288179431977483,0.20793947206536362
417,Enrolled,0.2539500758996846,0.4891089563838822,0.25694096771643316
418,Dropout,0.07413937589689339,0.12099966943865552,0.8048609546644511
419,Graduate,0.9187165924532629,0.061291279365240585,0.019992128181496437
420,Graduate,0.9201577407697707,0.05589775883772179,0.023944500392507354
421,Graduate,0.8327487801751177,0.1257436573426908,0.041507562482191576
422,Dropout,0.010819499701540341,0.3636430292574591,0.6255374710410005
423,Graduate,0.7657408929249809,0.1480901685656453,0.08616893850937368
424,Graduate,0.6363922892600792,0.2867191131026684,0.07688859763725245
425,Graduate,0.9276828935082263,0.06133258963553986,0.010984516856233941
426,Graduate,0.9360887448815189,0.05167294785463293,0.012238307263847918
427,Graduate,0.7011189524954109,0.22615802038438887,0.07272302712020016
428,Graduate,0.5826213102347881,0.2592546115337956,0.1581240782314163
429,Dropout,0.3319722652222825,0.14259480747175132,0.5254329273059662
430,Dropout,0.000943249396554154,0.00851079001956982,0.990545960583876
431,Dropout,0.09566024834516389,0.1297039427670104,0.7746358088878258
432,Graduate,0.6430698764830544,0.21639911338259607,0.14053101013434963
433,Dropout,0.1852991414879885,0.10824735211652324,0.7064535063954882
434,Dropout,0.0003046588056770468,0.005692185031997999,0.9940031561623248
435,Graduate,0.9565614762799927,0.028423305631778827,0.015015218088228496
436,Graduate,0.7618741277639475,0.13542067101728655,0.10270520121876582
437,Graduate,0.8090827577203847,0.11061798244945271,0.08029925983016267
438,Dropout,6.725855422846947e-06,0.011162529285184651,0.9888307448593926
439,Graduate,0.9561314617302585,0.03217125643501599,0.011697281834725405
440,Graduate,0.8383886293748408,0.11687236584056354,0.04473900478459564
441,Graduate,0.8074707490436912,0.14291355360051633,0.04961569735579235
442,Graduate,0.9170943900865054,0.06341950650681313,0.019486103406681464
443,Graduate,0.6848553213614031,0.24400546553729288,0.07113921310130396
444,Graduate,0.8174367772239145,0.13505898013834242,0.04750424263774319
445,Graduate,0.8621479154328879,0.059005459249178806,0.07884662531793338
446,Graduate,0.522804494801004,0.3474716619617832,0.1297238432372128
447,Graduate,0.6706553338328872,0.2553835073926688,0.07396115877444398
448,Graduate,0.8646250884558383,0.0949174140000939,0.040457497544067786
449,Graduate,0.9077050834058149,0.07069967530953658,0.021595241284648597
450,Graduate,0.950581543702367,0.04155570776090287,0.007862748536730127
451,Graduate,0.901922500698616,0.07020211510946837,0.027875384191915594
452,Dropout,0.00025699652424591437,0.002782395205405052,0.9969606082703492
453,Graduate,0.6911851774189763,0.21267272887959504,0.09614209370142854
454,Enrolled,0.018596429971278784,0.6280942854480738,0.3533092845806474
455,Dropout,0.0015301446043785806,0.017953018833326437,0.9805168365622949
456,Graduate,0.8205385443061294,0.1316424348861443,0.04781902080772623
457,Graduate,0.5158363373241986,0.38533199233732207,0.09883167033847916
458,Dropout,0.0055289929990514925,0.02024324501882076,0.9742277619821278
459,Graduate,0.561808038025588,0.3211567065095821,0.11703525546482986
460,Dropout,0.016470116593061378,0.04470479145819284,0.9388250919487459
461,Dropout,0.00045294825793546314,0.066151543148607,0.9333955085934577
462,Dropout,0.00030270860288989497,0.13115264570225768,0.8685446456948523
463,Graduate,0.7654111843378082,0.19109407763788042,0.04349473802431134
464,Graduate,0.7960199111156286,0.12169318928101873,0.08228689960335278
465,Graduate,0.886703154533607,0.09354904017108343,0.019747805295309655
466,Graduate,0.6954080200182383,0.22559419108437023,0.0789977888973914
467,Graduate,0.8711352619329693,0.09662480764713996,0.03223993041989074
468,Graduate,0.7179545252380666,0.1773737125401884,0.10467176222174503
469,Dropout,0.047827101683899705,0.15203167700142556,0.8001412213146748
470,Enrolled,0.3242385773450722,0.42866268953708747,0.24709873311784028
471,Dropout,0.019641838378366548,0.19523720020505722,0.7851209614165763
472,Graduate,0.8291694858035351,0.09854814501903279,0.07228236917743198
473,Graduate,0.6579912073600681,0.2951102786248878,0.04689851401504415
474,Graduate,0.8720653046614483,0.09706516344624372,0.030869531892307997
475,Dropout,0.0491973464406836,0.37758145466703924,0.5732211988922772
476,Dropout,0.09886767466364967,0.08115614927316456,0.8199761760631858
477,Graduate,0.6951060267006411,0.1765153520946266,0.12837862120473228
478,Graduate,0.8875386107518495,0.0835795459040379,0.028881843344112507
479,Graduate,0.8752678738859055,0.08447197040326847,0.040260155710825904
480,Dropout,0.0023292483675940233,0.004454370570556077,0.99321638106185
481,Dropout,0.0026757401571217633,0.17488266094323246,0.8224415988996457
482,Dropout,0.0018271205076775409,0.12737677941688677,0.8707961000754357
483,Dropout,4.1219228345196856e-05,0.0328694102875624,0.9670893704840924
484,Graduate,0.790372013706579,0.14371697200098313,0.06591101429243787
485,Graduate,0.7689789705478018,0.13081879710424651,0.10020223234795161
486,Enrolled,0.3078851701821437,0.5182779159540132,0.17383691386384315
487,Graduate,0.9007626907485919,0.07175350532311367,0.027483803928294366
488,Dropout,0.11166095146200943,0.1532764076023614,0.7350626409356292
489,Graduate,0.8483919709188796,0.12187229213168602,0.029735736949434235
490,Dropout,0.21819668073226803,0.3245164295696521,0.45728688969807996
491,Graduate,0.8070790673828642,0.17286670326464063,0.020054229352495262
492,Graduate,0.6668925152461982,0.21631266503448077,0.11679481971932101
493,Graduate,0.6890122058720186,0.22814347756852638,0.08284431655945504
494,Graduate,0.7944979496541097,0.13524444144506292,0.07025760890082743
495,Dropout,0.16249593411383503,0.1832174222900743,0.6542866435960907
496,Graduate,0.9370927011862886,0.044639781909788484,0.01826751690392291
497,Graduate,0.8879970227603162,0.07627557593201041,0.03572740130767327
498,Graduate,0.4276831942219014,0.4060305677576371,0.16628623802046166
499,Graduate,0.9700558039486903,0.023921938562496275,0.006022257488813327
500,Dropout,0.036187114787613855,0.10545713632319613,0.85835574888919
501,Enrolled,0.06508317380708817,0.5210051156101638,0.4139117105827481
502,Graduate,0.9084006384285988,0.06831272918062455,0.02328663239077676
503,Graduate,0.9607314970745237,0.03079942901438064,0.008469073911095727
504,Dropout,0.007476497298731648,0.16148698712319315,0.8310365155780752
505,Graduate,0.7930728041641547,0.1319032289490647,0.07502396688678059
506,Dropout,0.00229456621908135,0.2122443776814488,0.7854610560994699
507,Enrolled,0.3073762006798792,0.5473946107360863,0.14522918858403455
508,Graduate,0.6991455764669253,0.24818373064056906,0.05267069289250559
509,Graduate,0.8413237775590399,0.09802307907847838,0.060653143362481704
510,Graduate,0.6994895220831538,0.17622241765043883,0.12428806026640729
511,Graduate,0.7108783433875688,0.15973307221001265,0.12938858440241846
512,Graduate,0.43783587417280784,0.35259502844291085,0.20956909738428126
513,Graduate,0.8671879922610242,0.09941675089055148,0.033395256848424495
514,Graduate,0.62490322209303,0.1752147127775741,0.19988206512939602
515,Dropout,0.007775645739685649,0.2514486046652589,0.7407757495950554
516,Graduate,0.9664930906964692,0.027644897719737306,0.005862011583793547
517,Dropout,0.1498595671287581,0.29615748353670707,0.5539829493345348
518,Graduate,0.6962096844440002,0.16890343979621172,0.13488687575978806
519,Enrolled,0.4361774783853877,0.4818156387852404,0.08200688282937192
520,Graduate,0.5575271230775338,0.2856840617870554,0.15678881513541085
521,Graduate,0.38167751381418685,0.2474441185527848,0.37087836763302845
522,Dropout,0.047104290491468054,0.21079862579788705,0.7420970837106449
523,Graduate,0.933829379056517,0.04733803280827805,0.018832588135204865
524,Dropout,0.14924560979683302,0.3513637119459518,0.4993906782572152
525,Graduate,0.889369890757955,0.06348641885829609,0.047143690383748806
526,Graduate,0.6996933799699285,0.20465220493382671,0.0956544150962449
527,Graduate,0.9269258452209037,0.060930361490639594,0.012143793288456715
528,Graduate,0.7885968395278165,0.13392846643218986,0.07747469403999359
529,Enrolled,0.13531855530970827,0.5793380475053725,0.2853433971849192
530,Graduate,0.9230946280476843,0.05612756156209899,0.020777810390216672
531,Dropout,7.760225345187554e-05,0.014212472878770614,0.9857099248677776
532,Graduate,0.6515123183793999,0.23074783640767443,0.11773984521292556
533,Graduate,0.8899794059434334,0.0842156888709824,0.025804905185584048
534,Dropout,0.012012295605107394,0.2860495865538566,0.701938117841036
535,Dropout,0.3942895907535789,0.16798845485887146,0.4377219543875496
536,Graduate,0.8215468178428168,0.12118099259247753,0.05727218956470567
537,Enrolled,0.014919567658382222,0.5389389140082722,0.4461415183333456
538,Graduate,0.8958281750811071,0.07847091475030234,0.025700910168590472
539,Graduate,0.8098714825325745,0.16727837418790242,0.022850143279523286
540,Dropout,0.21049520386449025,0.17602387201556557,0.6134809241199443
541,Dropout,0.16615106881775135,0.36075417744603794,0.47309475373621057
542,Dropout,0.00444884826926035,0.009630207686758952,0.9859209440439807
543,Graduate,0.7787982942581952,0.13888030812343857,0.08232139761836609
544,Graduate,0.6600640513600912,0.23532726435263102,0.10460868428727771
545,Dropout,0.0035590495555040515,0.03321303851750428,0.9632279119269916
546,Dropout,0.008057011671115836,0.02158149057375982,0.9703614977551243
547,Graduate,0.933307893273584,0.05318558344627753,0.013506523280138447
548,Dropout,0.003828507080705336,0.013957482484326754,0.982214010434968
549,Dropout,0.000103092495611027,0.01052382307438647,0.9893730844300024
550,Graduate,0.6234490221283547,0.27749032590757833,0.0990606519640669
551,Graduate,0.859529171500595,0.09712468995578877,0.043346138543616346
552,Graduate,0.7773249978897235,0.14978837823146357,0.07288662387881288
553,Graduate,0.8816266053113019,0.08937243520719239,0.02900095948150584
554,Enrolled,0.03814832931896453,0.5199460255329501,0.4419056451480854
555,Graduate,0.9321947089462219,0.05039539997035102,0.01740989108342712
556,Graduate,0.8978442999616433,0.06018412490224637,0.041971575136110315
