row_id,predicted_label,prob_Graduate,prob_Enrolled,prob_Dropout
0,Graduate,0.7007266171194579,0.21544675419269982,0.08382662868784221
1,Dropout,0.015791555816077895,0.15762033480539975,0.8265881093785223
2,Graduate,0.7615667077060185,0.1863332276251873,0.05210006466879414
3,Dropout,0.20066886585650445,0.08524906221319965,0.7140820719302958
4,Graduate,0.7721699622193666,0.1289988078361551,0.09883122994447824
5,Graduate,0.6304769676048564,0.2546815710613262,0.1148414613338174
6,Dropout,0.08809611019813665,0.3880038573876386,0.5239000324142248
7,Graduate,0.5392678738558017,0.31639206469977654,0.1443400614444217
8,Dropout,0.031897065257363404,0.40963424853098823,0.5584686862116484
9,Graduate,0.44969007533482674,0.36861009982968307,0.18169982483549024
10,Enrolled,0.08700347898610797,0.5639716617586951,0.34902485925519694
11,Graduate,0.9193805306599515,0.06127511727987657,0.019344352060172054
12,Dropout,0.015224008128064933,0.4790133766507332,0.5057626152212019
13,Graduate,0.8148106676463032,0.1409859294602413,0.04420340289345563
14,Dropout,0.036186992095979316,0.11553386311282443,0.8482791447911961
15,Graduate,0.7238911443889762,0.20829696281073917,0.06781189280028463
16,Enrolled,0.02840784738833748,0.5620098198167769,0.40958233279488565
17,Graduate,0.6385136583028572,0.1850745154871193,0.17641182621002346
18,Graduate,0.8149654555189842,0.14221963741755092,0.042814907063464816
19,Graduate,0.6915947067475914,0.17787284731436465,0.13053244593804397
20,Graduate,0.9049563430028602,0.048345994353508566,0.04669766264363129
21,Enrolled,0.2951654245700149,0.36651769928276573,0.33831687614721934
22,Dropout,0.16575678757715062,0.306789929187535,0.5274532832353144
23,Enrolled,0.2797134494306322,0.5113587425682932,0.2089278080010746
24,Graduate,0.9597276749135659,0.032516898562969666,0.007755426523464388
25,Graduate,0.8361717535942532,0.10569828518820977,0.05812996121753692
26,Graduate,0.711557844306386,0.18598335831940227,0.10245879737421186
27,Dropout,0.126360736155914,0.08628259170094364,0.7873566721431423
28,Dropout,0.3770023428051927,0.12418927233865194,0.4988083848561554
29,Graduate,0.9026709786545183,0.07523447680504422,0.022094544540437487
30,Graduate,0.912350935837961,0.06288469585933798,0.024764368302701036
31,Dropout,0.02170187804320314,0.14777961202004114,0.8305185099367558
32,Dropout,0.0071525896084375686,0.10220348515784528,0.8906439252337172
33,Graduate,0.4063639923806598,0.30763910045509024,0.28599690716424997
34,Graduate,0.9436606890537605,0.03788642953977575,0.01845288140646367
35,Dropout,0.007945062904647943,0.02737473153239034,0.9646802055629617
36,Graduate,0.5993714327655083,0.21053489802133618,0.19009366921315546
37,Graduate,0.9157370779652122,0.06731088244117933,0.01695203959360853
38,Graduate,0.6851312159532128,0.24756894650561007,0.06729983754117715
39,Graduate,0.7947798087513873,0.14687093899803938,0.05834925225057338
40,Graduate,0.9123044455352689,0.06123395603769492,0.026461598427036163
41,Enrolled,0.08592245015516013,0.7086484508552711,0.20542909898956888
42,Dropout,0.10290058246678255,0.1295402870769519,0.7675591304562656
43,Graduate,0.7860177575741255,0.18047933844429512,0.033502903981579436
44,Dropout,0.18775342463416697,0.24729570059878456,0.5649508747670484
45,Graduate,0.8488152773080982,0.08959356520251181,0.0615911574893898
46,Dropout,0.0007020685707553843,0.11131062678879342,0.8879873046404512
47,Graduate,0.8566749233987623,0.10261962199193687,0.040705454609300945
48,Dropout,0.17454019425951964,0.12094295776790388,0.7045168479725764
49,Dropout,0.003644570689643535,0.008622607303966691,0.9877328220063899
50,Graduate,0.909664870251333,0.07599036347325745,0.014344766275409466
51,Graduate,0.9087690496258384,0.0716569662301834,0.019573984143978127
52,Graduate,0.9077613562948565,0.06879378516764995,0.023444858537493653
53,Graduate,0.5424431258584684,0.34289987147319706,0.11465700266833448
54,Graduate,0.9525063387620252,0.03270279638669434,0.014790864851280498
55,Enrolled,0.1799880749987248,0.44141981925203433,0.37859210574924096
56,Graduate,0.8110461402368015,0.10686067067901578,0.08209318908418252
57,Graduate,0.848666537106167,0.09093427157770106,0.060399191316131806
58,Graduate,0.6036690634777914,0.1940981972649048,0.20223273925730392
59,Graduate,0.8202232559000069,0.12387128868459593,0.055905455415397244
60,Dropout,0.050570483504847025,0.052235415077884886,0.897194101417268
61,Graduate,0.8351885810541377,0.13036420476813482,0.03444721417772756
62,Graduate,0.8701910158782026,0.10946237750800979,0.02034660661378746
63,Graduate,0.4935492306158695,0.37139917816578427,0.1350515912183462
64,Graduate,0.6245887956406861,0.29322568529227044,0.08218551906704338
65,Graduate,0.9547898961824952,0.03457060620716566,0.010639497610339223
66,Graduate,0.7521137568434827,0.18378843980933177,0.06409780334718551
67,Dropout,0.1722432683872475,0.12356084879397203,0.7041958828187805
68,Dropout,0.0033034126930484038,0.023128775755768605,0.973567811551183
69,Dropout,0.0004074498299431615,0.010294459287480852,0.9892980908825759
70,Dropout,1.526875536792418e-05,0.04371447646942421,0.9562702547752078
71,Enrolled,0.31859993069283454,0.3755150741200787,0.3058849951870869
72,Graduate,0.9449017688925915,0.0420851380498811,0.013013093057527486
73,Enrolled,0.046955944740656244,0.5298070446200311,0.4232370106393126
74,Enrolled,0.22435160895185335,0.588017591228104,0.18763079982004252
75,Graduate,0.7719488683932457,0.15779064879322513,0.0702604828135292
76,Graduate,0.9297115923668751,0.05160536688716521,0.018683040745959775
77,Graduate,0.8301151418567224,0.12819946153682837,0.041685396606449134
78,Dropout,0.013876520875850793,0.1833964463180274,0.8027270328061218
79,Graduate,0.450312196671209,0.30296476993625027,0.24672303339254079
80,Graduate,0.8996459551714842,0.06925293282878568,0.031101111999730282
81,Graduate,0.8436189318508518,0.12748901415120986,0.02889205399793829
82,Enrolled,0.08368127117056559,0.5641452703359788,0.35217345849345566
83,Graduate,0.8323043260070934,0.12728813489035812,0.040407539102548594
84,Graduate,0.8868681059096766,0.05829550461065191,0.054836389479671455
85,Graduate,0.8997643252155794,0.06977547135248026,0.03046020343194039
86,Graduate,0.7538345758982662,0.16091587319238831,0.08524955090934562
87,Graduate,0.7233716342693639,0.14302357784651412,0.13360478788412206
88,Dropout,0.019594059761102997,0.30339939191288645,0.6770065483260106
89,Enrolled,0.4273103233336942,0.4273995830067326,0.14529009365957324
90,Graduate,0.5351896053439444,0.32940858639298254,0.13540180826307313
91,Graduate,0.48273735374851157,0.33600749864187446,0.18125514760961398
92,Graduate,0.9656191945474472,0.026694868730164866,0.007685936722388068
93,Enrolled,0.22667111148333344,0.46044427418616796,0.3128846143304986
94,Graduate,0.7222569229360949,0.18023943948344665,0.09750363758045848
95,Graduate,0.8988643637249799,0.07264214631199109,0.028493489963028966
96,Graduate,0.9031378665089158,0.07371058601543881,0.02315154747564548
97,Graduate,0.7638958025923245,0.1408432063709687,0.09526099103670682
98,Graduate,0.7676130721528952,0.18278150296271548,0.04960542488438936
99,Dropout,0.07563238071936733,0.03942885738368396,0.8849387618969488
100,Dropout,0.0011230314037350413,0.008472676857810186,0.9904042917384549
101,Graduate,0.8667733252486857,0.11291561004727303,0.02031106470404133
102,Dropout,9.397344139961945e-05,0.015259629071674725,0.9846463974869256
103,Graduate,0.92530595264118,0.059474754334602316,0.015219293024217704
104,Dropout,0.01483817011730965,0.3145475241375195,0.6706143057451709
105,Graduate,0.5880371000238931,0.2985113069089597,0.11345159306714708
106,Dropout,0.006719422707411961,0.2837517554289999,0.7095288218635881
107,Graduate,0.5778477103367066,0.22262923458546596,0.19952305507782747
108,Enrolled,0.14691556899699862,0.49262833849998594,0.36045609250301525
109,Graduate,0.9157487443691331,0.06276702037765577,0.02148423525321102
110,Dropout,0.1653682918918056,0.12376554274853062,0.7108661653596638
111,Dropout,0.04282239361153874,0.027710251156761973,0.9294673552316994
112,Graduate,0.7141458594331566,0.1144794791589048,0.1713746614079387
113,Graduate,0.8750874911225553,0.09606677377557012,0.028845735101874614
114,Graduate,0.8536123930208925,0.06388523868806043,0.08250236829104711
115,Graduate,0.5413084385142384,0.25090423706858916,0.20778732441717243
116,Dropout,5.943907990350989e-05,0.009482015639787728,0.9904585452803087
117,Enrolled,0.31694151734982773,0.3753253614878307,0.3077331211623416
118,Dropout,7.0281861967045826e-06,0.018062939820510028,0.9819300319932932
119,Dropout,2.1289048388209417e-05,0.013306830618171039,0.9866718803334409
120,Graduate,0.9394701288078416,0.048572751639408995,0.011957119552749366
121,Graduate,0.6694267751420021,0.20846951907053965,0.12210370578745817
122,Graduate,0.9224698216503457,0.0534493414027527,0.024080836946901697
123,Dropout,2.5806298388637092e-05,0.05179222160557483,0.9481819720960365
124,Graduate,0.8627241072766982,0.0848131565991697,0.05246273612413196
125,Dropout,0.08300967336523166,0.22228123711478143,0.6947090895199869
126,Graduate,0.5174324260511378,0.39091190965027284,0.09165566429858937
127,Graduate,0.9153459103954543,0.07473210758129509,0.009921982023250633
128,Dropout,0.00022295887295381255,0.043298972640202035,0.9564780684868441
129,Graduate,0.965471059482399,0.02541795148612576,0.009110989031475466
130,Graduate,0.7416371321004238,0.19979596263027838,0.058566905269297864
131,Graduate,0.854194731121157,0.09795221022440571,0.047853058654437425
132,Graduate,0.6653281870802776,0.2955987736484146,0.039073039271307744
133,Graduate,0.8790567802514282,0.09579130105047799,0.025151918698093825
134,Graduate,0.8912682361354063,0.08330853236088857,0.025423231503705172
135,Graduate,0.9040295080464885,0.07438872349852606,0.021581768454985405
136,Dropout,8.151607684431525e-05,0.0051249581744878024,0.9947935257486679
137,Graduate,0.8806868056965118,0.09038838334361543,0.02892481095987268
138,Graduate,0.5268113838493758,0.3324747975443256,0.1407138186062987
139,Graduate,0.8528351469744415,0.09548682189021772,0.05167803113534081
140,Graduate,0.8549899663253725,0.10473157884088713,0.040278454833740394
141,Dropout,0.10903908911388786,0.13009902241484975,0.7608618884712623
142,Graduate,0.7286734780615892,0.22369512397845115,0.047631397959959555
143,Graduate,0.7675045260132618,0.17822940810355126,0.05426606588318698
144,Graduate,0.9232017518035068,0.05769472408750128,0.019103524108991948
145,Graduate,0.9089915632289078,0.061720602957320875,0.02928783381377126
146,Graduate,0.5451456308364225,0.22791545529097476,0.22693891387260276
147,Dropout,0.11184506682946505,0.1049330889391495,0.7832218442313854
148,Enrolled,0.27518526969967594,0.41063146970997577,0.3141832605903482
149,Enrolled,0.024432010540471907,0.6746397313520022,0.3009282581075259
150,Dropout,0.12964137278135843,0.08492721181379721,0.7854314154048444
151,Graduate,0.8445792310667138,0.10311293367214941,0.05230783526113684
152,Dropout,0.028618362925496445,0.3578273338983126,0.6135543031761909
153,Graduate,0.5895835758414167,0.3154430700917131,0.09497335406687026
154,Graduate,0.4414893307304309,0.3681979574413791,0.19031271182818996
155,Dropout,4.52048968097254e-05,0.07135616779631493,0.9285986273068755
156,Graduate,0.8280401740584067,0.0835291357200796,0.08843069022151374
157,Graduate,0.589708989082662,0.20309185932140228,0.20719915159593566
158,Enrolled,0.12342293049202727,0.5247381012877019,0.35183896822027083
159,Graduate,0.8300780264670397,0.13204963600969696,0.037872337523263425
160,Graduate,0.5979031655282203,0.2788499272843207,0.1232469071874591
161,Dropout,9.525505239602726e-05,0.008266954106518294,0.9916377908410856
162,Dropout,0.012295589769770745,0.30754285902029566,0.6801615512099336
163,Graduate,0.5896512849407713,0.27194125587193063,0.13840745918729802
164,Dropout,0.03577415711062099,0.32293918696799817,0.6412866559213809
165,Graduate,0.9105406401983716,0.061963783398519205,0.027495576403109172
166,Enrolled,0.07369372293586163,0.5558092816960873,0.37049699536805114
167,Graduate,0.8768866578013963,0.07250198383756488,0.05061135836103871
168,Graduate,0.8564682539430427,0.12068628744943755,0.022845458607519808
169,Graduate,0.8209106406174428,0.0978331558953221,0.08125620348723522
170,Graduate,0.8073312080665297,0.12691238837276297,0.06575640356070725
171,Graduate,0.9105435260120436,0.06916029056864842,0.020296183419308084
172,Enrolled,0.10575647122626901,0.6211691427820953,0.2730743859916357
173,Graduate,0.8697709489816279,0.10497365663808557,0.0252553943802865
174,Graduate,0.9644333201519423,0.02949394560917541,0.006072734238882401
175,Dropout,0.007160113235117483,0.3852121203826088,0.6076277663822738
176,Graduate,0.8144505500253213,0.15457507356400968,0.03097437641066915
177,Graduate,0.6412433410340521,0.21239950698029864,0.14635715198564933
178,Enrolled,0.090645776642343,0.5238964757816538,0.38545774757600315
179,Graduate,0.813893599822883,0.11246524484701358,0.07364115533010333
180,Dropout,0.00013660907123384946,0.02245842989015378,0.9774049610386124
181,Enrolled,0.37998910618942167,0.439901315513387,0.18010957829719132
182,Graduate,0.5117940101755414,0.3084641921902656,0.17974179763419298
183,Graduate,0.9254194618704709,0.05749486180762063,0.01708567632190846
184,Graduate,0.9052754200140418,0.0780723828526194,0.016652197133338868
185,Enrolled,0.13775320173343655,0.5231343804347861,0.3391124178317774
186,Graduate,0.9493488635121502,0.04163932005940376,0.009011816428446121
187,Graduate,0.657719434823789,0.24089150424902203,0.10138906092718901
188,Enrolled,0.028167225989711126,0.5604786561582713,0.41135411785201775
189,Graduate,0.9292437969180504,0.050288325342201234,0.0204678777397484
190,Dropout,0.11574456003844649,0.32111068289617895,0.5631447570653746
191,Dropout,0.16700996395566234,0.08814406564837172,0.744845970395966
192,Graduate,0.7295354120011587,0.16394940648527814,0.10651518151356329
193,Dropout,0.16438391703407657,0.22649336999736724,0.6091227129685562
194,Graduate,0.9109733528558357,0.06650412066597074,0.02252252647819364
195,Dropout,0.005437024079604216,0.1122293972088803,0.8823335787115154
196,Graduate,0.7497892546770564,0.1813446823845848,0.06886606293835876
197,Graduate,0.5615064972729975,0.26084473429111893,0.17764876843588345
198,Dropout,0.00755593575270429,0.31268626993154586,0.6797577943157499
199,Graduate,0.7005163196328853,0.18669691417097414,0.11278676619614053
200,Graduate,0.628725442164368,0.27787300316366603,0.0934015546719659
201,Graduate,0.6014648561487209,0.31728221257120076,0.08125293128007834
202,Graduate,0.7638851846440968,0.14983331207808942,0.0862815032778138
203,Enrolled,0.13541701381582813,0.6769063189515506,0.18767666723262136
204,Graduate,0.8638664243814678,0.07568935486453719,0.06044422075399499
205,Enrolled,0.007814702449234837,0.5701327084067376,0.42205258914402755
206,Graduate,0.4301991612961605,0.3336647760026247,0.2361360627012149
207,Dropout,0.04225783245302547,0.1611358313296313,0.7966063362173432
208,Dropout,0.00020917656313857415,0.016902427434224324,0.9828883960026371
209,Dropout,0.016451724125965777,0.40841165045770467,0.5751366254163295
210,Graduate,0.9183991705072895,0.06379518765054665,0.017805641842163968
211,Graduate,0.6340418939518295,0.21128835295088902,0.15466975309728145
212,Enrolled,0.0469487304828392,0.7109266163186453,0.2421246531985155
213,Graduate,0.9438336886962999,0.04025219776168468,0.015914113542015308
214,Graduate,0.9126897427075392,0.06307295622838587,0.024237301064074977
215,Dropout,0.007420909840040519,0.19491015979942297,0.7976689303605364
216,Dropout,0.00687470597016028,0.20232671645978398,0.7907985775700557
217,Graduate,0.527925456985593,0.29628376847652094,0.17579077453788608
218,Enrolled,0.2512712737191791,0.4306028448253647,0.31812588145545606
219,Graduate,0.6628214512921944,0.23419111266229062,0.10298743604551501
220,Enrolled,0.14954815001771093,0.4378305510426577,0.41262129893963145
221,Graduate,0.7961160793308926,0.13558906444533808,0.0682948562237693
222,Graduate,0.9226878602055822,0.05444562135127601,0.022866518443141717
223,Graduate,0.9546717956545111,0.03718795677979498,0.008140247565693749
224,Enrolled,0.33618654230483075,0.3783187681883451,0.28549468950682416
225,Graduate,0.7413120007109172,0.20666341703793806,0.05202458225114479
226,Enrolled,0.032182445416852716,0.5195282231884953,0.44828933139465205
227,Dropout,0.011346534282012707,0.09681601502221718,0.8918374506957701
228,Dropout,0.22386628548717363,0.1803679778535823,0.595765736659244
229,Graduate,0.8841749113068245,0.09011759896539145,0.025707489727784173
230,Graduate,0.7908124458267947,0.1519056947414155,0.057281859431789935
231,Dropout,0.05565774609011632,0.046839249637574375,0.8975030042723092
232,Graduate,0.9437790333187334,0.04069680200568949,0.01552416467557706
233,Dropout,0.006219531547726238,0.15253233464954288,0.841248133802731
234,Graduate,0.5082902826003317,0.3161373199966268,0.1755723974030416
235,Dropout,0.0007382075858499299,0.046812071365976725,0.9524497210481735
236,Dropout,0.13764132525028233,0.18197613123168346,0.6803825435180342
237,Graduate,0.9157970360114283,0.07137882380927664,0.012824140179295238
238,Dropout,0.0036798276067384456,0.02332158707795727,0.9729985853153043
239,Graduate,0.5441421027930824,0.32881872811338886,0.1270391690935289
240,Graduate,0.9320286082604573,0.04934183183306689,0.0186295599064758
241,Graduate,0.8818981953472479,0.08004247752831525,0.038059327124436736
242,Dropout,0.0049466479773234585,0.026347684907468805,0.9687056671152078
243,Enrolled,0.3564510588889167,0.407879510186435,0.2356694309246483
244,Graduate,0.9229145145611671,0.05965142664581056,0.017434058793022424
245,Dropout,0.00016377603281855449,0.014202340188775097,0.9856338837784064
246,Graduate,0.7933839755620974,0.12892776416611884,0.07768826027178387
247,Enrolled,0.15487066508443706,0.4249469738176871,0.42018236109787593
248,Dropout,0.00016386962267243702,0.018914536555611493,0.980921593821716
249,Graduate,0.9432142007125064,0.04584479226643661,0.010941007021056897
250,Dropout,0.3907219313527763,0.07920649298526428,0.5300715756619595
251,Graduate,0.7898597082450604,0.1292611511262002,0.0808791406287394
252,Graduate,0.8830838608798844,0.08832764809728828,0.028588491022827293
253,Graduate,0.8745287180510621,0.0868088721003801,0.038662409848557865
254,Graduate,0.607170332821088,0.22913324145234087,0.16369642572657117
255,Dropout,0.0031427053745354794,0.13818827188069946,0.8586690227447651
256,Graduate,0.9360577410692779,0.05751066570221767,0.006431593228504513
257,Graduate,0.8546983979343152,0.09526922556235326,0.050032376503331345
258,Graduate,0.8356446184235713,0.08617137613070217,0.07818400544572657
259,Dropout,0.005181255163581602,0.4229122550206558,0.5719064898157625
260,Dropout,0.033633085869124876,0.22272481972783106,0.7436420944030441
261,Graduate,0.9026235342020147,0.06713580761009215,0.030240658187893267
262,Dropout,0.0005385700144271006,0.01730416317752488,0.9821572668080482
263,Dropout,0.09846937791850172,0.4052568337792296,0.49627378830226865
264,Graduate,0.7290445635520771,0.10266834294839774,0.16828709349952523
265,Graduate,0.8524398483658989,0.08570129344636879,0.06185885818773219
266,Graduate,0.9020192008501365,0.06647022031011618,0.031510578839747325
267,Graduate,0.6139015707119627,0.23221666414158,0.1538817651464573
268,Dropout,6.862252940146167e-05,0.0285352913870125,0.9713960860835861
269,Dropout,0.002142365274599605,0.28592898875632555,0.7119286459690748
270,Graduate,0.8862291797007164,0.08433000214472548,0.029440818154558155
271,Dropout,5.7366293704370204e-05,0.036472287600462686,0.9634703461058329
272,Graduate,0.6311171728629507,0.23228870619855466,0.13659412093849466
273,Dropout,0.0014373376302053381,0.011251020351968963,0.9873116420178258
274,Graduate,0.9445897374573801,0.04025205592996916,0.015158206612650774
275,Graduate,0.9204935049158726,0.053133041226116826,0.02637345385801042
276,Enrolled,0.1627470623784016,0.5234558464054396,0.3137970912161587
277,Graduate,0.9597505640296452,0.030452154982416393,0.009797280987938292
278,Dropout,0.20011739999750244,0.13234074579180288,0.6675418542106946
279,Graduate,0.3831443582796566,0.23851775945360126,0.3783378822667421
280,Graduate,0.5870499509229273,0.3123516547123494,0.10059839436472334
281,Enrolled,0.32282526708308995,0.43715683006082307,0.24001790285608693
282,Dropout,0.00010658260126216957,0.021972369660354336,0.9779210477383835
283,Graduate,0.907455939752077,0.07831990387340401,0.014224156374519157
284,Dropout,0.12077288581457765,0.10145759291249974,0.7777695212729228
285,Dropout,0.11283074168748462,0.1111544371759978,0.7760148211365175
286,Dropout,8.417911300047356e-05,0.010499899892745258,0.9894159209942543
287,Graduate,0.8418887100407437,0.11701608817183988,0.04109520178741634
288,Graduate,0.8472059285726504,0.08413238637154667,0.06866168505580292
289,Dropout,0.2824726088133009,0.13090449112327554,0.5866229000634235
290,Graduate,0.9059666436106261,0.06811538300501394,0.025917973384360027
291,Dropout,0.1681512527358972,0.23556545960913974,0.5962832876549631
292,Graduate,0.8244052934783566,0.10561451938965193,0.06998018713199146
293,Graduate,0.8658725314659035,0.09274530445896145,0.04138216407513498
294,Dropout,0.03817018109073859,0.2984356001219625,0.663394218787299
295,Graduate,0.9295566745173196,0.05309411667510101,0.017349208807579394
296,Dropout,0.002251611284938499,0.01119849063177948,0.986549898083282
297,Graduate,0.919321131050445,0.0670210379423023,0.013657831007252713
298,Enrolled,0.2612394291732485,0.5463494808110119,0.19241109001573975
299,Graduate,0.8629436644404102,0.09206296610118052,0.044993369458409385
300,Graduate,0.8771205797617446,0.08617892720534455,0.03670049303291097
301,Enrolled,0.13395829070377613,0.4525177954270251,0.41352391386919884
302,Graduate,0.8703011093377536,0.07852459154165557,0.05117429912059068
303,Graduate,0.7185633798592823,0.21565712614586016,0.06577949399485745
304,Graduate,0.9056636180018269,0.05150678978352386,0.042829592214649076
305,Graduate,0.877738398482502,0.07639585643820433,0.04586574507929361
306,Dropout,0.18837653585645894,0.1421820361298522,0.6694414280136889
307,Dropout,0.018040323662282205,0.22619815472640056,0.7557615216113172
308,Dropout,0.2083202847619991,0.2622906847167736,0.5293890305212274
309,Enrolled,0.049403347513640526,0.533333055792126,0.4172635966942334
310,Dropout,0.009448738946285966,0.1561846260321156,0.8343666350215985
311,Dropout,0.33524053648503277,0.1666786087285691,0.49808085478639813
312,Dropout,0.0004689579285161831,0.014980302149548328,0.9845507399219355
313,Graduate,0.8736276733369831,0.08201932832475016,0.04435299833826661
314,Dropout,0.06831898900812337,0.10965766594412871,0.822023345047748
315,Graduate,0.885766935021688,0.0860443842573263,0.02818868072098555
316,Graduate,0.9058931074941483,0.0493182798187413,0.044788612687110284
317,Graduate,0.8634294176018145,0.1041214124236867,0.032449169974498815
318,Dropout,0.0007150975587955229,0.024297154692603854,0.9749877477486006
319,Graduate,0.6260947763991506,0.2558671078877002,0.1180381157131492
320,Graduate,0.798747780432445,0.11380745623770687,0.08744476332984825
321,Enrolled,0.31365099628630133,0.483697126249368,0.20265187746433053
322,Dropout,0.0010635642975885657,0.013908167301508595,0.9850282684009029
323,Graduate,0.9094156412659007,0.06939205981919881,0.021192298914900574
324,Graduate,0.491020225213199,0.3242078639904021,0.18477191079639904
325,Graduate,0.6412048615465799,0.23647864957675513,0.12231648887666496
326,Dropout,0.012239111736213703,0.23382516053928531,0.753935727724501
327,Graduate,0.9464449845210647,0.038354150455529805,0.015200865023405313
328,Graduate,0.851798803726599,0.108864686501918,0.039336509771483
329,Graduate,0.9058046842270789,0.07465664442609915,0.01953867134682197
330,Dropout,9.46122941886306e-05,0.019567698812383037,0.9803376888934284
331,Graduate,0.8084296946884594,0.11128758353704496,0.08028272177449565
332,Dropout,0.13883433109704504,0.09238420859528636,0.7687814603076685
333,Graduate,0.9523379094318509,0.038360664548334304,0.00930142601981482
334,Graduate,0.9005060217674424,0.08743444785822477,0.012059530374332841
335,Dropout,0.05659600938681667,0.45438919417339924,0.4890147964397841
336,Dropout,0.06669817506065302,0.21808124855690653,0.7152205763824404
337,Enrolled,0.09486853181297583,0.4977698439985058,0.4073616241885182
338,Dropout,0.23194444154548585,0.34330904441845966,0.4247465140360545
339,Graduate,0.9165466986764635,0.06565509372537617,0.017798207598160184
340,Graduate,0.9585526425918492,0.034862072805123955,0.006585284603026755
341,Graduate,0.894178030632538,0.07684013503966558,0.028981834327796416
342,Graduate,0.8226088573478777,0.10773270696653754,0.06965843568558486
343,Dropout,0.020705493949680017,0.20594337433305118,0.7733511317172688
344,Dropout,0.20018502975326438,0.12017180073691969,0.6796431695098161
345,Graduate,0.903780036566795,0.06492696433708105,0.03129299909612409
346,Graduate,0.9217079071208042,0.05872883381260495,0.019563259066590843
347,Graduate,0.818363672646987,0.12501732147464606,0.05661900587836698
348,Graduate,0.8937507077916257,0.06860422860776262,0.03764506360061167
349,Graduate,0.9426812494795153,0.04451201166680952,0.012806738853675257
350,Dropout,0.0043575021218850134,0.12729514609442874,0.8683473517836862
351,Graduate,0.6376034100772632,0.2628632872911581,0.09953330263157871
352,Dropout,0.2723425381274098,0.30355986918304506,0.42409759268954517
353,Dropout,0.10413582837808606,0.0878373580069781,0.8080268136149358
354,Graduate,0.5823404862662015,0.34580042691903895,0.07185908681475961
355,Graduate,0.8439776563933138,0.09378129860167854,0.062241045005007656
356,Dropout,0.02897931186911122,0.3099103150995435,0.6611103730313452
357,Dropout,0.001274836191130182,0.2593842730081827,0.7393408908006872
358,Graduate,0.47230712753754106,0.14744180028043485,0.3802510721820242
359,Dropout,3.704677521110734e-05,0.03025461691095425,0.9697083363138347
360,Enrolled,0.19544672738307253,0.4116257302552954,0.3929275423616322
361,Graduate,0.917863389875207,0.0637725601195669,0.01836405000522628
362,Dropout,0.13693367648252175,0.20439560322016173,0.6586707202973165
363,Dropout,0.22720240072196057,0.1729053294345149,0.5998922698435245
364,Dropout,0.09801044778723697,0.12184907998053353,0.7801404722322296
365,Graduate,0.9389729245402582,0.0485378237746783,0.012489251685063554
366,Dropout,0.003663826670859402,0.05298173781227456,0.9433544355168659
367,Dropout,8.208253790775876e-05,0.0441873833943327,0.9557305340677594
368,Graduate,0.6504757971964904,0.2140632197087232,0.13546098309478652
369,Enrolled,0.23874915983456627,0.40693019299824834,0.3543206471671854
370,Graduate,0.9237109174431196,0.060098054839712395,0.01619102771716806
371,Dropout,0.006767780894110792,0.1056816662964735,0.8875505528094156
372,Graduate,0.8976181546760359,0.06806897486764142,0.03431287045632273
373,Graduate,0.8975883617741647,0.0691110024431244,0.033300635782710954
374,Graduate,0.7221557630372587,0.1806883491734149,0.09715588778932645
375,Dropout,0.004799247950767332,0.10771471307478205,0.8874860389744506
376,Graduate,0.8080553429557823,0.13734662146638513,0.05459803557783254
377,Graduate,0.9065471748868007,0.061290013553477,0.032162811559722455
378,Graduate,0.9066072057750306,0.036787943551913366,0.05660485067305616
379,Graduate,0.9512519386431402,0.03865080985872796,0.010097251498131891
380,Dropout,0.0001817051209119788,0.06080570067040071,0.9390125942086873
381,Graduate,0.9086018109034089,0.06320850365917206,0.02818968543741901
382,Graduate,0.42180535017406373,0.3913954306636203,0.186799219162316
383,Graduate,0.9045941973931219,0.06248979241354885,0.032916010193329355
384,Graduate,0.8279916440933109,0.11894709919207558,0.05306125671461355
385,Dropout,0.013544986836940408,0.15300405650770763,0.8334509566553521
386,Dropout,0.1832836612139587,0.2135126986013489,0.6032036401846924
387,Graduate,0.8774244359580371,0.07280658334358453,0.04976898069837818
388,Graduate,0.8472555682258599,0.11623749541188545,0.036506936362254806
389,Dropout,0.06189347010430501,0.0334297651929103,0.9046767647027847
390,Graduate,0.8664856924733504,0.10210982534731568,0.031404482179333816
391,Graduate,0.7410166976961179,0.20539021837882088,0.053593083925061256
392,Enrolled,0.2536768214150615,0.586319286587069,0.16000389199786952
393,Dropout,0.00581532824646842,0.08711607668542878,0.9070685950681028
394,Dropout,0.030671049664926155,0.05408261340499358,0.9152463369300803
395,Graduate,0.9493055789547249,0.036617329041980715,0.014077092003294323
396,Graduate,0.5827216116469329,0.2913323547181773,0.1259460336348897
397,Dropout,0.00018647827852038177,0.143641305588044,0.8561722161334355
398,Graduate,0.957421886763427,0.03702984279437901,0.005548270442193973
399,Dropout,0.00022615981428448988,0.04804519143834477,0.9517286487473707
400,Enrolled,0.3138802186577023,0.34906625816248654,0.3370535231798112
401,Enrolled,0.3251400168952574,0.4381198782210028,0.23674010488373984
402,Dropout,0.16677501152755814,0.1263981235394034,0.7068268649330385
403,Graduate,0.8811100688553511,0.08845637840695882,0.030433552737690144
404,Enrolled,0.2843252540094749,0.5853046562461589,0.13037008974436623
405,Dropout,0.004515194376253983,0.22216027942144356,0.7733245262023025
406,Graduate,0.5850634413333264,0.298616803334065,0.11631975533260852
407,Graduate,0.6601122238619849,0.28352344354399517,0.05636433259402007
408,Enrolled,0.385153660611977,0.4083879836459589,0.2064583557420641
409,Graduate,0.8841659178332484,0.07995781853029785,0.03587626363645365
410,Dropout,0.0007662061708076453,0.14944527496833604,0.8497885188608563
411,Dropout,0.0229981489945213,0.3091010130593489,0.6679008379461299
412,Graduate,0.8825046395302546,0.09785916564690522,0.019636194822840267
413,Graduate,0.7108420011779926,0.1806864835019247,0.10847151532008274
414,Dropout,1.1714520384439631e-05,0.015546464900757232,0.9844418205788582
415,Graduate,0.7487248548906356,0.14271156655196607,0.1085635785573983
416,Enrolled,0.05981610477188374,0.7254054491303157,0.21477844609780056
417,Enrolled,0.2616416763940601,0.47972049497108726,0.2586378286348528
418,Dropout,0.07869682955565419,0.12115171973411273,0.8001514507102332
419,Graduate,0.9181746039296358,0.060865056789313234,0.020960339281051166
420,Graduate,0.9162055375959688,0.06381782135137162,0.019976641052659505
421,Graduate,0.84172988571436,0.11811870869190125,0.04015140559373871
422,Dropout,0.01168935952192478,0.3685862528556385,0.6197243876224366
423,Graduate,0.7807536274020721,0.13884088217976912,0.08040549041815863
424,Graduate,0.6008544638932313,0.30989425433309986,0.0892512817736689
425,Graduate,0.9121665099183002,0.07371683159197973,0.014116658489720055
426,Graduate,0.9262054058257843,0.058237910233485166,0.015556683940730518
427,Graduate,0.7206154854885306,0.21275204980877171,0.06663246470269767
428,Graduate,0.5696956313602861,0.26350791685873615,0.16679645178097785
429,Dropout,0.34619485818953183,0.13627036144775548,0.5175347803627127
430,Dropout,0.0008864350195406051,0.00836522480366962,0.9907483401767898
431,Dropout,0.10512809909902975,0.1308102210442171,0.7640616798567531
432,Graduate,0.6601197077514552,0.20882592026633137,0.13105437198221329
433,Dropout,0.17422843431710702,0.1055814723964185,0.7201900932864744
434,Dropout,0.0003498389647600895,0.005973066130656533,0.9936770949045834
435,Graduate,0.9559458949680473,0.02814526688485969,0.015908838147093183
436,Graduate,0.7913514699275221,0.12301494126708422,0.08563358880539365
437,Graduate,0.8353329761536874,0.09734747940817264,0.06731954443814007
438,Dropout,5.733202071268159e-06,0.010482019870437773,0.9895122469274908
439,Graduate,0.9452948039840571,0.03896041478364542,0.015744781232297483
440,Graduate,0.8403566917317711,0.11360156623807535,0.04604174203015365
441,Graduate,0.8015120348444101,0.14598676046527076,0.0525012046903192
442,Graduate,0.9136371716736134,0.06552073802378601,0.02084209030260062
443,Graduate,0.7017702425892463,0.22908705790437406,0.06914269950637958
444,Graduate,0.8079859064825722,0.14094917744722352,0.05106491607020429
445,Graduate,0.8806358377387763,0.052664747016948274,0.06669941524427549
446,Graduate,0.5109348451340819,0.34943255565124076,0.13963259921467733
447,Graduate,0.663177672934655,0.258262622374452,0.07855970469089295
448,Graduate,0.8667850111123121,0.09324848365394084,0.03996650523374706
449,Graduate,0.9030777541341242,0.07374460032026986,0.023177645545605963
450,Graduate,0.9434917548607815,0.049187204746624094,0.007321040392594409
451,Graduate,0.9148780945766801,0.06099813613162508,0.02412376929169489
452,Dropout,0.0002872666094916908,0.002877303403176218,0.9968354299873321
453,Graduate,0.6967765609590666,0.2075362346396698,0.09568720440126369
454,Enrolled,0.021264479673622272,0.638107236225459,0.34062828410091867
455,Dropout,0.0014740175499967263,0.0174745003238908,0.9810514821261125
456,Graduate,0.8324881236018776,0.12399276408534075,0.043519112312781605
457,Graduate,0.5243690557533767,0.3775276814395879,0.0981032628070354
458,Dropout,0.009485120524969656,0.02727920797404203,0.9632356715009884
459,Graduate,0.5754643594694874,0.2780641924634846,0.146471448067028
460,Dropout,0.020434035565920897,0.04683099144604488,0.9327349729880342
461,Dropout,0.00036973411804128224,0.06107284824444592,0.9385574176375129
462,Dropout,0.00025167581316705033,0.12262688740941904,0.8771214367774138
463,Graduate,0.7408791258607221,0.20887384902440234,0.050247025114875644
464,Graduate,0.7975125370202176,0.12158109445226144,0.0809063685275208
465,Graduate,0.8940616811823154,0.08768601933514009,0.018252299482544355
466,Graduate,0.7116803822399205,0.21566005821034642,0.07265955954973316
467,Graduate,0.8665055572555188,0.09962713547225009,0.033867307272231056
468,Graduate,0.7498125317379077,0.16102274019596516,0.0891647280661271
469,Dropout,0.03840155060903252,0.1437044551051051,0.8178939942858623
470,Enrolled,0.3320768985027894,0.4209396804344473,0.24698342106276336
471,Dropout,0.02192457477620294,0.20081531589493232,0.7772601093288648
472,Graduate,0.8535347866166685,0.08640271110391207,0.0600625022794194
473,Graduate,0.6627332615786091,0.28846695026535457,0.04879978815603626
474,Graduate,0.8440037365146497,0.11476678128490708,0.041229482200443125
475,Dropout,0.03909810681976063,0.35866611611155597,0.6022357770686834
476,Dropout,0.10884447669029819,0.08288944932104891,0.8082660739886529
477,Graduate,0.6710358206220186,0.18447621011183318,0.14448796926614832
478,Graduate,0.8824360183634247,0.0871236501704115,0.03044033146616372
479,Graduate,0.8925754648626008,0.07382715120159522,0.03359738393580395
480,Dropout,0.002363566925793248,0.004483765917231002,0.9931526671569758
481,Dropout,0.0027075706881360597,0.17627401582029598,0.8210184134915679
482,Dropout,0.0017309557450215566,0.12086371014728449,0.877405334107694
483,Dropout,4.2875663446310576e-05,0.03326574963618476,0.9666913747003688
484,Graduate,0.8053099798608123,0.13548935078734467,0.05920066935184297
485,Graduate,0.7508165650258539,0.1373030941309686,0.1118803408431774
486,Enrolled,0.2844026536687711,0.5281005610773819,0.18749678525384705
487,Graduate,0.9042352611854474,0.06903689660216047,0.02672784221239218
488,Dropout,0.12245221121350101,0.15502168179145057,0.7225261069950484
489,Graduate,0.8403606114247307,0.12650474240063236,0.03313464617463691
490,Dropout,0.23640536903613538,0.3245314579403015,0.439063173023563
491,Graduate,0.777945029454165,0.19769189592112474,0.024363074624710337
492,Graduate,0.6772422815931658,0.2099098221396562,0.11284789626717799
493,Graduate,0.6786183732146296,0.23082410797720138,0.090557518808169
494,Graduate,0.8208525184173386,0.1199035901503214,0.059243891432339844
495,Dropout,0.1500647954394114,0.17882586822045593,0.6711093363401327
496,Graduate,0.9416419635287004,0.04112823858962778,0.017229797881671775
497,Graduate,0.895488123039468,0.07193097397723688,0.032580902983294954
498,Graduate,0.43317216617911175,0.40220052612691165,0.1646273076939766
499,Graduate,0.9673380947751946,0.02572188490011884,0.006940020324686627
500,Dropout,0.04556989036641712,0.11119591290273685,0.843234196730846
501,Enrolled,0.07246143797437697,0.5222732289901798,0.4052653330354432
502,Graduate,0.9150579366782575,0.06353140284061777,0.021410660481124746
503,Graduate,0.9613753233149197,0.02986209012110057,0.008762586563979644
504,Dropout,0.006640114784537747,0.15078795112131765,0.8425719340941445
505,Graduate,0.786043356255815,0.13487883311195692,0.07907781063222791
506,Dropout,0.0023333096718733564,0.207946908921654,0.7897197814064727
507,Enrolled,0.27212700140505425,0.5683174722520248,0.15955552634292097
508,Graduate,0.6724609591188103,0.2649795761721094,0.06255946470908037
509,Graduate,0.8424011033416889,0.09731586578855744,0.060283030869753576
510,Graduate,0.6985991557726329,0.1750046134301836,0.1263962307971837
511,Graduate,0.7289347470860175,0.15104723231061531,0.12001802060336712
512,Graduate,0.4290236811314607,0.35487574724097026,0.21610057162756902
513,Graduate,0.8602815502096435,0.10192709271330863,0.037791357077048
514,Graduate,0.6590916324241917,0.17679918817121418,0.16410917940459413
515,Dropout,0.008081749843660477,0.25240796902288837,0.7395102811334511
516,Graduate,0.9643629132075513,0.02902165107978696,0.0066154357126618065
517,Dropout,0.1592210711736279,0.2935402915880217,0.5472386372383504
518,Graduate,0.6830246399702049,0.17403491067458046,0.14294044935521472
519,Enrolled,0.4127474152719336,0.49768657582639003,0.08956600890167621
520,Graduate,0.5542523879413273,0.2808368227765195,0.16491078928215328
521,Dropout,0.37347105459010604,0.2505241693054842,0.3760047761044098
522,Dropout,0.04681292985904384,0.20940785166856246,0.7437792184723936
523,Graduate,0.9307279687111796,0.0492831337395166,0.019988897549303813
524,Dropout,0.1606391300597389,0.35428080015315333,0.48508006978710766
525,Graduate,0.8768558730676391,0.07030645853863868,0.05283766839372216
526,Graduate,0.7048392013796307,0.19767147887786768,0.09748931974250145
527,Graduate,0.9127517712306943,0.07182355381229984,0.015424674957005982
528,Graduate,0.8155894909103475,0.12004308623804093,0.06436742285161166
529,Enrolled,0.1435563898044514,0.5737324201857764,0.2827111900097722
530,Graduate,0.9285017585617917,0.05304729703125538,0.01845094440695298
531,Dropout,7.253423268551984e-05,0.014232972544792463,0.9856944932225221
532,Graduate,0.6500590932542,0.22962366714051372,0.12031723960528624
533,Graduate,0.9036309275100909,0.07407546009946861,0.022293612390440642
534,Dropout,0.013933870914801477,0.2939769438084102,0.6920891852767884
535,Dropout,0.37361748662105837,0.17087318269755575,0.4555093306813859
536,Graduate,0.8143224527057954,0.1245490525259555,0.061128494768249254
537,Enrolled,0.014871260707977367,0.5407530000326387,0.4443757392593839
538,Graduate,0.889978276475103,0.08236213462003954,0.027659588904857608
539,Graduate,0.807453035820732,0.16951212299311458,0.023034841186153433
540,Dropout,0.17513928144766455,0.1775441781370547,0.6473165404152808
541,Dropout,0.1783940682973335,0.3614972383289972,0.4601086933736692
542,Dropout,0.0037461995042209735,0.009463130865528576,0.9867906696302503
543,Graduate,0.7670672973791394,0.16128339837960037,0.07164930424126019
544,Graduate,0.6367144613152906,0.24897612739570746,0.11430941128900197
545,Dropout,0.0037692212259073025,0.03358323795235083,0.9626475408217419
546,Dropout,0.006784584043686781,0.020784761726818996,0.9724306542294943
547,Graduate,0.919860334403074,0.0629308594316575,0.017208806165268594
548,Dropout,0.003039010411309757,0.0130842781086155,0.9838767114800746
549,Dropout,0.00011484467925794498,0.01086845780985883,0.9890166975108833
550,Graduate,0.6386504289013765,0.26905439341927273,0.0922951776793509
551,Graduate,0.8346603845075926,0.11167011927296494,0.05366949621944246
552,Graduate,0.7533852305502698,0.16341961410501019,0.08319515534472002
553,Graduate,0.8755682615891516,0.09246953576882676,0.03196220264202163
554,Enrolled,0.036183928345605895,0.5141985674855156,0.4496175041688786
555,Graduate,0.9425671501076488,0.04485014492724319,0.012582704965107997
556,Graduate,0.9093102736499215,0.0531434783315866,0.037546248018491823
