row_id,predicted_label,prob_Graduate,prob_Enrolled,prob_Dropout
0,Graduate,0.7400316687732218,0.18088673876430852,0.07908159246246961
1,Dropout,0.022363778991441124,0.16298086367132328,0.8146553573372357
2,Graduate,0.7981801510352283,0.15380381408485913,0.048016034879912524
3,Dropout,0.20372168314606529,0.08265306021119903,0.7136252566427358
4,Graduate,0.7480284029914951,0.14864952618562935,0.10332207082287555
5,Graduate,0.6596788050019207,0.20907031473350327,0.1312508802645761
6,Dropout,0.07527923430899601,0.42527677414989484,0.4994439915411091
7,Graduate,0.4576168851131892,0.36923765006074466,0.17314546482606613
8,Dropout,0.035967371018642155,0.38543353427148314,0.5785990947098747
9,Graduate,0.42792780641037637,0.3911963255854689,0.18087586800415473
10,Enrolled,0.08032661404598214,0.5830647076531358,0.33660867830088204
11,Graduate,0.9241392749298786,0.05730079205283251,0.018559933017288834
12,Dropout,0.016240405784195177,0.46566782485847985,0.518091769357325
13,Graduate,0.7909958968157095,0.1630773778554533,0.04592672532883724
14,Dropout,0.034668564305873464,0.11912937921798389,0.8462020564761426
15,Graduate,0.7065624983350896,0.22465646941471126,0.06878103225019921
16,Enrolled,0.02829818124607742,0.5568145605226914,0.4148872582312312
17,Graduate,0.6348078038530094,0.18731175345136977,0.17788044269562073
18,Graduate,0.8225821817446705,0.13567222965167444,0.041745588603655195
19,Graduate,0.7077303474749304,0.1644030031941196,0.12786664933095004
20,Graduate,0.910438937463453,0.04418537051381361,0.04537569202273339
21,Enrolled,0.30443307407822084,0.353538065014622,0.3420288609071571
22,Dropout,0.16379460467741258,0.30465261877255645,0.531552776550031
23,Enrolled,0.2732023332608155,0.519876547982312,0.20692111875687258
24,Graduate,0.9616132752293407,0.03086532143492097,0.007521403335738527
25,Graduate,0.8341747935128743,0.10704363285914364,0.05878157362798214
26,Graduate,0.6907189609704741,0.20357589031742857,0.1057051487120972
27,Dropout,0.120733445612712,0.09041326034817576,0.7888532940391123
28,Dropout,0.3565061265728455,0.13871346158832618,0.5047804118388283
29,Graduate,0.907842310522201,0.0708655148801709,0.02129217459762817
30,Graduate,0.9180230056213888,0.05800558297199546,0.023971411406615895
31,Dropout,0.021384882966520604,0.14527438410014987,0.8333407329333294
32,Dropout,0.006380444999153911,0.11245009251995049,0.8811694624808956
33,Graduate,0.37399701124301077,0.33988351091417923,0.28611947784280994
34,Graduate,0.9356395628640718,0.04480334364004507,0.01955709349588328
35,Dropout,0.007902004663506535,0.026389793643479875,0.9657082016930135
36,Graduate,0.584096566921963,0.22503837736719567,0.19086505571084147
37,Graduate,0.9145236137836615,0.06855350834450118,0.01692287787183719
38,Graduate,0.7258749857461135,0.21058958710606726,0.06353542714781922
39,Graduate,0.8020517520834286,0.14072184602535842,0.057226401891212995
40,Graduate,0.8994113807931221,0.07245035644094326,0.028138262765934667
41,Enrolled,0.08898824418166618,0.7044902205222404,0.20652153529609332
42,Dropout,0.10875458402576992,0.12056005829352524,0.7706853576807048
43,Graduate,0.8060763551637629,0.16163569490343055,0.03228794993280645
44,Dropout,0.19082042136793365,0.24422218520722921,0.5649573934248372
45,Graduate,0.8306298808754699,0.10463955924586966,0.06473055987866054
46,Dropout,0.0006330966589606128,0.12501425962903795,0.8743526437120014
47,Graduate,0.8467576763057622,0.11152369392957014,0.04171862976466769
48,Dropout,0.1766334557536892,0.11760113588400029,0.7057654083623106
49,Dropout,0.00366045844828713,0.008380970488819276,0.9879585710628935
50,Graduate,0.915784598663219,0.06639576817417463,0.017819633162606374
51,Graduate,0.9080360775968515,0.07246768332233057,0.01949623908081797
52,Graduate,0.9153742605108136,0.06239816404703825,0.02222757544214824
53,Graduate,0.5038215113516126,0.38149931642286744,0.11467917222551997
54,Graduate,0.9541759050531923,0.0352630429455164,0.01056105200129136
55,Enrolled,0.17080902625156769,0.4562359158490291,0.3729550578994032
56,Graduate,0.790072183815575,0.12417712890162887,0.08575068728279621
57,Graduate,0.8394755446959541,0.09877139514479429,0.06175306015925162
58,Graduate,0.6195043952136282,0.18042181443004057,0.20007379035633127
59,Graduate,0.8099189862355929,0.13315029220163804,0.056930721562769064
60,Dropout,0.04508713161705098,0.056571512820527664,0.8983413555624213
61,Graduate,0.8356777790574963,0.13037679155372955,0.033945429388774234
62,Graduate,0.8752160599924109,0.10494911101361465,0.019834828993974558
63,Graduate,0.5844586992621941,0.306307290192965,0.10923401054484105
64,Graduate,0.6310513338082735,0.28707572686492516,0.08187293932680137
65,Graduate,0.9384136768591453,0.04473574998888407,0.01685057315197049
66,Graduate,0.7229649294355327,0.2211691071172513,0.055865963447216054
67,Dropout,0.17292969013463427,0.12756693471342417,0.6995033751519415
68,Dropout,0.00323856646402392,0.024140334832899627,0.9726210987030766
69,Dropout,0.0003877174621978573,0.010847126394759193,0.988765156143043
70,Dropout,1.603848232984134e-05,0.04056177104282734,0.9594221904748427
71,Enrolled,0.3407766979671655,0.3522727850174514,0.3069505170153831
72,Graduate,0.9471304675326212,0.04014697472614943,0.012722557741229299
73,Enrolled,0.04733994519090905,0.5246227411637198,0.4280373136453712
74,Enrolled,0.25631071687781926,0.5496484321305991,0.19404085099158164
75,Graduate,0.7661793048012164,0.1799203109783987,0.053900384220384824
76,Graduate,0.9247012472211865,0.05629473161611203,0.019004021162701553
77,Graduate,0.8377113993518651,0.12177788788874862,0.04051071275938615
78,Dropout,0.012286427194928597,0.20073092326284622,0.7869826495422252
79,Graduate,0.43266864252179943,0.32035319736598844,0.24697816011221224
80,Graduate,0.9105187433438465,0.060495309904530746,0.02898594675162267
81,Graduate,0.8694275171906397,0.10415997332908603,0.02641250948027426
82,Enrolled,0.081024326384761,0.5707854378510057,0.34819023576423336
83,Graduate,0.8385471243448259,0.12214653961469421,0.0393063360404798
84,Graduate,0.8958309515677744,0.05194368974876639,0.052225358683459316
85,Graduate,0.8868719338881187,0.08122392885845921,0.03190413725342212
86,Graduate,0.7590841817350689,0.15595333397552752,0.08496248428940369
87,Graduate,0.7116279801872673,0.1520667599957822,0.13630525981695057
88,Dropout,0.017908955342135442,0.31350488053635606,0.6685861641215085
89,Graduate,0.44036449259224697,0.41485117310291836,0.1447843343048347
90,Graduate,0.5186850427387759,0.34660040351076793,0.13471455375045618
91,Graduate,0.46119272351559054,0.35751405363852024,0.1812932228458893
92,Graduate,0.9629680741990199,0.029182739672850743,0.007849186128129498
93,Enrolled,0.244717241579076,0.4378518031176943,0.3174309553032297
94,Graduate,0.7190032599250995,0.18329756126354793,0.09769917881135257
95,Graduate,0.9102903601842633,0.06327483128604103,0.026434808529695687
96,Graduate,0.9016993668446446,0.07504568673139396,0.023254946423961358
97,Graduate,0.7770204548686542,0.13055492104330133,0.09242462408804455
98,Graduate,0.734380854657216,0.21369509532761638,0.05192405001516752
99,Dropout,0.07379392788438677,0.03975054205713373,0.8864555300584795
100,Dropout,0.001197983974311384,0.007544174538380478,0.9912578414873081
101,Graduate,0.8640784355011715,0.11538752927902267,0.020534035219805784
102,Dropout,0.00010126343423465428,0.014940416337081215,0.9849583202286841
103,Graduate,0.9202292943354782,0.06421271188295181,0.015557993781570027
104,Dropout,0.0141973889036083,0.3224105444377577,0.663392066658634
105,Graduate,0.5735795684192477,0.31104236171450916,0.11537806986624301
106,Dropout,0.005781119811053898,0.3036888686438353,0.6905300115451107
107,Graduate,0.5705005687770877,0.22641238671111003,0.2030870445118024
108,Enrolled,0.15034070526025675,0.48358627670123233,0.36607301803851094
109,Graduate,0.9204147845298241,0.058990637878957454,0.02059457759121849
110,Dropout,0.15752225244850707,0.13066194390043975,0.7118158036510532
111,Dropout,0.03091625372557833,0.01791069362000505,0.9511730526544165
112,Graduate,0.7213902891453225,0.10867751777836783,0.16993219307630955
113,Graduate,0.8805664733462993,0.09130084409816348,0.02813268255553703
114,Graduate,0.8582560574306229,0.05973150101647845,0.0820124415528986
115,Graduate,0.5522547022370469,0.2428479508357115,0.20489734692724162
116,Dropout,7.999087775340196e-05,0.009654097475607068,0.9902659116466396
117,Graduate,0.3565599503888879,0.33365924976163364,0.30978079984947837
118,Dropout,7.326473771885487e-06,0.01635839370425857,0.9836342798219695
119,Dropout,1.965686319630876e-05,0.014358238708615044,0.9856221044281887
120,Graduate,0.9423123654090746,0.04605388363134324,0.011633750959582093
121,Graduate,0.6901711354621228,0.19037850970887962,0.11945035482899759
122,Graduate,0.9212945073035317,0.054499267597096925,0.024206225099371256
123,Dropout,2.6882737722876952e-05,0.07399213744181203,0.9259809798204651
124,Graduate,0.8670182981343826,0.08128334937232531,0.05169835249329207
125,Dropout,0.09356663216437128,0.2065275882768306,0.6999057795587982
126,Graduate,0.5667692764225133,0.3434798893146247,0.089750834262862
127,Graduate,0.9193444570266384,0.06745395573301778,0.013201587240343836
128,Dropout,0.00022317168821447993,0.0435526769972836,0.956224151314502
129,Graduate,0.9678733820366057,0.02335812054657728,0.008768497416816876
130,Graduate,0.7261486175006441,0.2143955406318635,0.05945584186749238
131,Graduate,0.8452055622839876,0.10611281601386092,0.048681621702151484
132,Graduate,0.6705587187862414,0.2903437615782184,0.03909751963554022
133,Graduate,0.8829123842037837,0.09229371002036868,0.024793905775847593
134,Graduate,0.9024103252795933,0.07370130866545856,0.023888366054948373
135,Graduate,0.888808764781061,0.08828619978056093,0.022905035438378
136,Dropout,7.537294376193916e-05,0.005423212401630162,0.9945014146546078
137,Graduate,0.8867246650897285,0.0853386389315719,0.027936695978699567
138,Graduate,0.521328612211268,0.3377453363208806,0.14092605146785145
139,Graduate,0.8443719161991152,0.10324396071303983,0.052384123087845076
140,Graduate,0.8524652751056582,0.10716373482233105,0.04037099007201077
141,Dropout,0.09886635045235437,0.14324079766862083,0.7578928518790248
142,Graduate,0.7346304486792791,0.2179876652973552,0.04738188602336585
143,Graduate,0.7383598449338133,0.21482079140323046,0.04681936366295626
144,Graduate,0.9258140539482616,0.05027407962241753,0.023911866429321006
145,Graduate,0.9136206090056898,0.0579268596017234,0.028452531392586914
146,Graduate,0.5198922759766194,0.2455779827805557,0.2345297412428249
147,Dropout,0.10914075049856989,0.10543381129296556,0.7854254382084646
148,Enrolled,0.2590035330457498,0.42868737762672027,0.31230908932752993
149,Enrolled,0.02492962033998149,0.6706449809418347,0.30442539871818386
150,Dropout,0.1181983727888548,0.09432012773754622,0.7874814994735989
151,Graduate,0.8430113959544373,0.10438285073278519,0.05260575331277753
152,Dropout,0.026509146011814342,0.37393796949843283,0.5995528844897527
153,Graduate,0.5722697374970726,0.333157728523946,0.0945725339789816
154,Graduate,0.4246101939179358,0.38713335028502716,0.18825645579703706
155,Dropout,5.034306768845972e-05,0.06551425642477769,0.9344354005075338
156,Graduate,0.8102520143652331,0.10729902462395652,0.0824489610108103
157,Graduate,0.5761915161132498,0.21579728267469092,0.20801120121205918
158,Enrolled,0.14173148765213583,0.4941455644732528,0.36412294787461147
159,Graduate,0.8300493675305822,0.1325342509364765,0.03741638153294108
160,Graduate,0.5796851164631208,0.29679519765060697,0.12351968588627217
161,Dropout,0.00014344554491882268,0.009392994816743126,0.990463559638338
162,Dropout,0.013870159588387256,0.28409092423189,0.7020389161797228
163,Graduate,0.572696847292683,0.28852106854953474,0.13878208415778215
164,Dropout,0.036712286145816335,0.31227764220812837,0.6510100716460554
165,Graduate,0.9152315650818282,0.0581380559598275,0.026630378958344386
166,Enrolled,0.08656591860158269,0.5230500019534022,0.3903840794450151
167,Graduate,0.8833974536336469,0.06795750836507775,0.048645038001275294
168,Graduate,0.8524743357133991,0.12445162392886724,0.023074040357733635
169,Graduate,0.8091088457443364,0.10525096246594232,0.08564019178972135
170,Graduate,0.8066897281591823,0.1281117561335385,0.06519851570727912
171,Graduate,0.9149152589372954,0.06533284474255756,0.019751896320146966
172,Enrolled,0.10248447737895107,0.6281279889388437,0.26938753368220525
173,Graduate,0.8595157571385995,0.11448794497762481,0.02599629788377568
174,Graduate,0.9638493885718402,0.0300726947607508,0.006077916667409011
175,Dropout,0.006623537622638876,0.4034987964462761,0.589877665931085
176,Graduate,0.8445040392942411,0.126311614644101,0.029184346061657884
177,Graduate,0.6602142654394826,0.19695098482133164,0.14283474973918578
178,Enrolled,0.09711075699968244,0.509081726632032,0.3938075163682855
179,Graduate,0.8130603787339299,0.11367109439539257,0.07326852687067761
180,Dropout,0.00013169893739250235,0.02240709521182103,0.9774612058507864
181,Enrolled,0.3834526803941888,0.43383112055249257,0.18271619905331868
182,Graduate,0.5241137592282619,0.295924577048392,0.17996166372334615
183,Graduate,0.9232881157225032,0.05940245721616286,0.017309427061333916
184,Graduate,0.8982166313780239,0.08483116921448744,0.01695219940748858
185,Enrolled,0.12816094429917416,0.5427753564143403,0.3290636992864855
186,Graduate,0.9486585258741906,0.042334976978083486,0.009006497147725917
187,Graduate,0.6172940043839689,0.27897990193756866,0.10372609367846251
188,Enrolled,0.025695207886497713,0.5782104101927991,0.3960943819207032
189,Graduate,0.9328554176798611,0.047381898675466494,0.019762683644672315
190,Dropout,0.10182400071865157,0.35024003456580605,0.5479359647155424
191,Dropout,0.15355863155937235,0.09792292501378906,0.7485184434268387
192,Graduate,0.7387940193140695,0.15700899095467638,0.10419698973125406
193,Dropout,0.1835569174071798,0.20605081788656118,0.6103922647062591
194,Graduate,0.9081246933727882,0.06900470125646918,0.022870605370742605
195,Dropout,0.0051981957146787355,0.11617337147060944,0.8786284328147118
196,Graduate,0.7460483906322554,0.18479275444707685,0.06915885492066791
197,Graduate,0.5579435365869797,0.26396446312055233,0.17809200029246797
198,Dropout,0.0076534303941923395,0.308055711375188,0.6842908582306196
199,Graduate,0.6826082544146383,0.20097070524417035,0.11642104034119136
200,Graduate,0.5810596268260795,0.33656760309636874,0.08237277007755175
201,Graduate,0.5772627028638613,0.34134228568200387,0.08139501145413487
202,Graduate,0.7519871723573446,0.16050405580987717,0.08750877183277812
203,Enrolled,0.16103111443396032,0.6409247377375737,0.19804414782846608
204,Graduate,0.8564245742051869,0.08145729629014806,0.06211812950466515
205,Enrolled,0.00800887125548809,0.5660549450213603,0.4259361837231516
206,Graduate,0.4561827869515207,0.3089254787424318,0.23489173430604737
207,Dropout,0.04244404322237975,0.16118006876173727,0.7963758880158831
208,Dropout,0.0002519811287160219,0.024727425374255343,0.9750205934970285
209,Dropout,0.015860343849315606,0.4150490430664575,0.5690906130842268
210,Graduate,0.914070190385057,0.06019757761722119,0.02573223199772167
211,Graduate,0.6465410509171124,0.2017527490761263,0.15170620000676122
212,Enrolled,0.05203242114389747,0.6943451315022964,0.25362244735380607
213,Graduate,0.9396253625415709,0.0439044352232677,0.016470202235161435
214,Graduate,0.9276913412795681,0.050548127677239235,0.021760531043192574
215,Dropout,0.0068701053073976035,0.20518108294044526,0.7879488117521573
216,Dropout,0.006483614187770592,0.20554613969839994,0.7879702461138295
217,Graduate,0.5096491375797928,0.3144667223594366,0.17588414006077052
218,Enrolled,0.24640199174195118,0.4372468620143758,0.3163511462436729
219,Graduate,0.6864418313751699,0.21362073510670807,0.09993743351812213
220,Enrolled,0.15815176887183208,0.4250919255172964,0.4167563056108715
221,Graduate,0.7721559372231858,0.15690948437803512,0.07093457839877917
222,Graduate,0.9260980672879906,0.05169799852316311,0.022203934188846267
223,Graduate,0.9629967534070399,0.029749213516562095,0.007254033076398113
224,Enrolled,0.3428794190036605,0.3706354029833522,0.28648517801298734
225,Graduate,0.7514855134594748,0.19817308317583412,0.050341403364691166
226,Enrolled,0.029726799003359415,0.528588094448009,0.4416851065486315
227,Dropout,0.01148733928706488,0.09937773180075127,0.8891349289121839
228,Dropout,0.2444225680734032,0.15995895500897891,0.5956184769176178
229,Graduate,0.8843518464465322,0.09028114455218143,0.02536700900128628
230,Graduate,0.7983181582983577,0.14455637359089638,0.05712546811074579
231,Dropout,0.05723101780883342,0.043888739451383094,0.8988802427397835
232,Graduate,0.9476634879105196,0.03726188660018121,0.015074625489299194
233,Dropout,0.005687665022424184,0.1637905584196436,0.8305217765579322
234,Graduate,0.505071220410168,0.32123698915478033,0.1736917904350517
235,Dropout,0.0007624803693582332,0.045748323687126155,0.9534891959435156
236,Dropout,0.15291405344785777,0.16340444970655033,0.6836814968455919
237,Graduate,0.9208840907909541,0.0665256249072007,0.012590284301845174
238,Dropout,0.004098547075091107,0.021032812327167232,0.9748686405977416
239,Graduate,0.5359837862378427,0.3366922453485444,0.12732396841361282
240,Graduate,0.9367431368579394,0.0453484110161668,0.017908452125893603
241,Graduate,0.8798188324962564,0.0817613071825686,0.03841986032117511
242,Dropout,0.00551880908537816,0.023871500608868917,0.970609690305753
243,Graduate,0.4417161019585085,0.37996650292388634,0.1783173951176051
244,Graduate,0.9216449750025275,0.06091603989781981,0.017438985099652683
245,Dropout,0.00014661885195309637,0.015950822982254698,0.9839025581657922
246,Graduate,0.7921056998172259,0.1303235301822035,0.0775707700005705
247,Enrolled,0.14639718747440514,0.4420446159365986,0.4115581965889962
248,Dropout,0.00016098518008660672,0.01879427875383467,0.9810447360660787
249,Graduate,0.9457444754280642,0.04363026920875229,0.01062525536318366
250,Dropout,0.3904173804214077,0.07726614593467225,0.53231647364392
251,Graduate,0.7886330617572216,0.13064072309985095,0.08072621514292767
252,Graduate,0.8831329795946615,0.08859296479938425,0.02827405560595427
253,Graduate,0.8539312611631774,0.1102638644863928,0.03580487435042987
254,Graduate,0.6176359870252122,0.22003264310678639,0.1623313698680015
255,Dropout,0.003516787379035943,0.1294558499597837,0.8670273626611803
256,Graduate,0.9514027691082496,0.042012375125940624,0.006584855765809839
257,Graduate,0.8539999257609057,0.09603850224992068,0.049961571989173684
258,Graduate,0.8170125419583514,0.10028168600391883,0.08270577203772975
259,Dropout,0.004738629950635497,0.43974544987277914,0.5555159201765854
260,Dropout,0.03392257120932321,0.2268276199793668,0.7392498088113101
261,Graduate,0.9067286268071234,0.06389469175936419,0.029376681433512544
262,Dropout,0.0005190869306542568,0.017255711411227947,0.9822252016581177
263,Dropout,0.09589342431173041,0.4111103868967129,0.4929961887915567
264,Graduate,0.7322691215818763,0.10321481757757521,0.16451606084054837
265,Graduate,0.834719687515776,0.10018076096826863,0.06509955151595562
266,Graduate,0.9117611473257331,0.05844675210797816,0.02979210056628873
267,Graduate,0.6114327856174617,0.23409378498425765,0.15447342939828065
268,Dropout,6.87580834460735e-05,0.02729656136526246,0.9726346805512914
269,Dropout,0.0017830894221577275,0.3093820436013493,0.688834866976493
270,Graduate,0.8801553524748443,0.0900840017371629,0.02976064578799275
271,Dropout,5.3067829872089e-05,0.03793069830334711,0.9620162338667807
272,Graduate,0.596365287262207,0.2645324742044148,0.13910223853337828
273,Dropout,0.0013050509548344683,0.01257856924223216,0.9861163798029333
274,Graduate,0.9483063834369492,0.037079199352532004,0.01461441721051878
275,Graduate,0.908326733547827,0.06337916533325619,0.028294101118916722
276,Enrolled,0.1505654264914261,0.5453585384646615,0.30407603504391245
277,Graduate,0.961356099887611,0.02906467702633561,0.00957922308605354
278,Dropout,0.20917565434152288,0.12358528792608661,0.6672390577323905
279,Dropout,0.35350104386299414,0.2662392282575169,0.38025972787948903
280,Graduate,0.579410133391065,0.32052726899105016,0.10006259761788491
281,Enrolled,0.3165802618525301,0.4447133573654317,0.23870638078203815
282,Dropout,9.705085809002833e-05,0.02359919730500145,0.9763037518369087
283,Graduate,0.9056169153262453,0.0801450574320895,0.014238027241665134
284,Dropout,0.12762454260667558,0.09442189874190654,0.7779535586514179
285,Dropout,0.1185640863193666,0.10338374665877138,0.778052167021862
286,Dropout,8.196170318937432e-05,0.010752110630330025,0.9891659276664805
287,Graduate,0.8325953889234685,0.12598403207190179,0.04142057900462973
288,Graduate,0.8298618127302501,0.09777049821765794,0.07236768905209214
289,Dropout,0.27552876873142024,0.13902893913178954,0.5854422921367903
290,Graduate,0.9053730672441065,0.0688384559462763,0.02578847680961704
291,Dropout,0.1759269631321808,0.22262954707233226,0.6014434897954869
292,Graduate,0.839262550438423,0.0940029197555717,0.06673452980600507
293,Graduate,0.8708009190743611,0.08860098133565786,0.040598099589981146
294,Dropout,0.03501766891196961,0.31254819442323406,0.6524341366647963
295,Graduate,0.9342684708590034,0.04884338975860856,0.016888139382387864
296,Dropout,0.00220890743839395,0.011538482717969143,0.9862526098436368
297,Graduate,0.9227457649218875,0.06391205936027375,0.013342175717838713
298,Enrolled,0.297881189038264,0.5056171045867209,0.19650170637501518
299,Graduate,0.8457746322298675,0.10730103055372772,0.04692433721640478
300,Graduate,0.877088011432691,0.08671707788124947,0.03619491068605957
301,Enrolled,0.1383494276761072,0.4451331490236158,0.4165174233002769
302,Graduate,0.8537989206370381,0.09221189685420032,0.0539891825087615
303,Graduate,0.7561074881216225,0.18228549061061483,0.06160702126776259
304,Graduate,0.893444110323019,0.06067741780023903,0.04587847187674189
305,Graduate,0.8772151243820809,0.07718602045813512,0.04559885515978392
306,Dropout,0.20863364819892816,0.12567218767039623,0.6656941641306756
307,Dropout,0.01738643270493311,0.2297164733265976,0.7528970939684693
308,Dropout,0.2079195799456415,0.2639279232601121,0.5281524967942464
309,Enrolled,0.045075394287311533,0.6155717835209928,0.3393528221916956
310,Dropout,0.00949914292140248,0.15243484076471717,0.8380660163138804
311,Dropout,0.33877625366258657,0.1598299880336431,0.5013937583037703
312,Dropout,0.0003084146034034363,0.013850868234802633,0.985840717161794
313,Graduate,0.8732006836430696,0.08261644438074117,0.04418287197618928
314,Dropout,0.06433968341513215,0.12125950915443146,0.8144008074304364
315,Graduate,0.8950850210675741,0.07822095137569927,0.026694027556726365
316,Graduate,0.9011432366821077,0.05305188451091569,0.045804878806976417
317,Graduate,0.8599212619702862,0.10727478423680217,0.03280395379291159
318,Dropout,0.0006804242115695772,0.02620000308231884,0.9731195727061117
319,Graduate,0.6303914818931653,0.25063020532281216,0.11897831278402249
320,Graduate,0.776491508669902,0.1322680868893272,0.09124040444077086
321,Enrolled,0.39401500594421585,0.45183066840169744,0.1541543256540868
322,Dropout,0.0009721539790193416,0.014806741923292007,0.9842211040976887
323,Graduate,0.9136125421374961,0.06572401186324972,0.02066344599925402
324,Graduate,0.48859877969634724,0.3282155036747304,0.1831857166289223
325,Graduate,0.6479400530746146,0.22990437936679656,0.12215556755858879
326,Dropout,0.011739571483616585,0.24685598989613075,0.7414044386202526
327,Graduate,0.9424954054624762,0.04181912798387698,0.015685466553646745
328,Graduate,0.8437583413324194,0.11644688619037523,0.039794772477205316
329,Graduate,0.8988163952020148,0.08092927415825267,0.020254330639732487
330,Dropout,9.311396190260886e-05,0.01905016098490349,0.9808567250531939
331,Graduate,0.7863219588022365,0.1296701109268141,0.08400793027094926
332,Dropout,0.13379947852150365,0.10204265569243332,0.764157865786063
333,Graduate,0.9545608318941499,0.03640687483120543,0.009032293274644795
334,Graduate,0.9052648138590288,0.08286074658389156,0.011874439557079728
335,Dropout,0.03841254183578375,0.41375668648514224,0.547830771679074
336,Dropout,0.06828451916151772,0.2132168582518711,0.7184986225866112
337,Enrolled,0.09731241462307837,0.4909288600759024,0.4117587253010193
338,Dropout,0.24089212991961456,0.3318732162887431,0.42723465379164227
339,Graduate,0.9100321537034973,0.07178981648646707,0.018178029810035707
340,Graduate,0.9573361167151837,0.0360177921799386,0.006646091104877716
341,Graduate,0.9021157116097257,0.0703001664200047,0.027584121970269666
342,Graduate,0.8280339139049855,0.10354904886249307,0.0684170372325214
343,Dropout,0.020860937006980298,0.20190990200211184,0.777229160990908
344,Dropout,0.18389808589981105,0.1336448545174583,0.6824570595827307
345,Graduate,0.9086996309998835,0.06089926051764686,0.030401108482469713
346,Graduate,0.9350990013609614,0.047395051390782414,0.017505947248256305
347,Graduate,0.7938026321948384,0.1472397826740284,0.05895758513113313
348,Graduate,0.9014233447537302,0.06242421481945326,0.03615244042681654
349,Graduate,0.9457192450522617,0.04200839426632409,0.01227236068141418
350,Dropout,0.0041415750236903385,0.13741265406751868,0.858445770908791
351,Graduate,0.6187074556237132,0.28149633773932065,0.09979620663696619
352,Dropout,0.2877793160290391,0.28934242553541667,0.42287825843554433
353,Dropout,0.10212571097515488,0.08838445535799706,0.809489833666848
354,Graduate,0.5681168875860493,0.35826639493292356,0.07361671748102726
355,Graduate,0.8509501760025127,0.08841018336670221,0.060639640630785085
356,Dropout,0.024937292516333393,0.3390456505764624,0.6360170569072041
357,Dropout,0.0014202906703515092,0.23998466228877458,0.7585950470408739
358,Graduate,0.46910273472261993,0.14874875052352896,0.38214851475385125
359,Dropout,3.476062009634255e-05,0.031078998665748512,0.9688862407141552
360,Enrolled,0.18384804297269966,0.43180734633923074,0.38434461068806947
361,Graduate,0.9122134744174739,0.06906656706697728,0.01871995851554878
362,Dropout,0.15292751710131305,0.18337185570030584,0.6637006271983811
363,Dropout,0.21314007365522436,0.18110893580660894,0.6057509905381667
364,Dropout,0.0628312883995161,0.10383173867096744,0.8333369729295165
365,Graduate,0.9419576148701473,0.04586082572986719,0.012181559399985609
366,Dropout,0.0037505345546285144,0.05218154437746741,0.944067921067904
367,Dropout,9.104231320160105e-05,0.040749529360463506,0.9591594283263348
368,Graduate,0.6464248908837243,0.21802728825537754,0.13554782086089814
369,Enrolled,0.30831000860329777,0.3938852230519097,0.29780476834479264
370,Graduate,0.9273163993241251,0.056983986549577446,0.015699614126297404
371,Dropout,0.006122059267672399,0.10920451718497608,0.8846734235473516
372,Graduate,0.9136975082308446,0.055049734470385775,0.031252757298769654
373,Graduate,0.8834451235688899,0.08132540460335097,0.0352294718277591
374,Graduate,0.7214359600756497,0.181798133837641,0.09676590608670925
375,Dropout,0.005017100272359823,0.10137611228739789,0.8936067874402422
376,Graduate,0.8163270895919195,0.13034071933820332,0.05333219106987731
377,Graduate,0.8928576834893694,0.07275126650105466,0.03439105000957577
378,Graduate,0.9068184173407986,0.036695288141228764,0.0564862945179725
379,Graduate,0.9497372458047737,0.040082841670552524,0.010179912524673745
380,Dropout,0.00010850814660262298,0.049382965325313694,0.9505085265280837
381,Graduate,0.9069820149919001,0.06468260246698597,0.02833538254111392
382,Enrolled,0.4043541715082169,0.4108062121033792,0.1848396163884039
383,Graduate,0.8911113901837534,0.07378042967599097,0.035108180140255775
384,Graduate,0.8261986462443568,0.12086178823827311,0.05293956551737018
385,Dropout,0.01364478088848178,0.14571121386768224,0.840644005243836
386,Dropout,0.1709428394753871,0.2238137458054801,0.6052434147191328
387,Graduate,0.8649245208350138,0.08331064213846871,0.05176483702651743
388,Graduate,0.8536700195351214,0.11076750227986443,0.035562478185014054
389,Dropout,0.058153874320597994,0.03465118513497441,0.9071949405444275
390,Graduate,0.8499069168212001,0.12320471780037365,0.02688836537842618
391,Graduate,0.7760075337457673,0.172244015120884,0.05174845113334877
392,Enrolled,0.2800954676671229,0.5592298292338636,0.16067470309901358
393,Dropout,0.0051156150923082145,0.09586967610865108,0.8990147087990407
394,Dropout,0.030036978989005276,0.0553729182587189,0.9145901027522758
395,Graduate,0.9640255217079385,0.02610046047575325,0.009874017816308117
396,Graduate,0.5886045466724548,0.28592704781203165,0.1254684055155137
397,Dropout,0.0002108256829613379,0.13326839841846405,0.8665207758985747
398,Graduate,0.965420766453917,0.02965840951475186,0.004920824031331181
399,Dropout,0.00023342047793546174,0.04602824055425119,0.9537383389678135
400,Dropout,0.31819046190440375,0.2883096007589588,0.39349993733663746
401,Enrolled,0.24566086694620162,0.45277742195423415,0.3015617110995642
402,Dropout,0.17546188168294716,0.11743701383685606,0.7071011044801968
403,Graduate,0.8886723540787184,0.08183306396400136,0.02949458195728032
404,Enrolled,0.32768439773385294,0.5388734553062378,0.13344214695990925
405,Dropout,0.004565421844495463,0.21954943936011526,0.7758851387953892
406,Graduate,0.5672766636455143,0.3172248619380945,0.1154984744163911
407,Graduate,0.689254273797689,0.24263488871289077,0.06811083748942023
408,Enrolled,0.3889852756424301,0.40157933397298534,0.20943539038458447
409,Graduate,0.8894298039878878,0.0754983815771276,0.03507181443498449
410,Dropout,0.0006701412726389056,0.11283041300927338,0.8864994457180876
411,Dropout,0.022462693033331916,0.3127689897534499,0.6647683172132182
412,Graduate,0.893363629461113,0.08333828721178657,0.02329808332710027
413,Graduate,0.6801354663307522,0.20806248947919365,0.1118020441900542
414,Dropout,1.0424762129513757e-05,0.016626096878904015,0.9833634783589665
415,Graduate,0.7610941023310289,0.13305702175884054,0.10584887591013052
416,Enrolled,0.062180178498985286,0.721190130571024,0.2166296909299908
417,Enrolled,0.24940403714189968,0.4917284042982587,0.25886755855984156
418,Dropout,0.07611286282836154,0.12377222318404592,0.8001149139875925
419,Graduate,0.9173698806352031,0.06173299467213561,0.020897124692661227
420,Graduate,0.9193704428602084,0.055611539428974524,0.02501801771081697
421,Graduate,0.8315039075985882,0.12745936967730365,0.041036722724108264
422,Dropout,0.010985021880040535,0.3836871069104802,0.6053278712094794
423,Graduate,0.7684069264535269,0.14977565772235318,0.08181741582412004
424,Graduate,0.6416904827339286,0.27380217932672674,0.08450733793934465
425,Graduate,0.9287299246069113,0.058740186584203,0.0125298888088858
426,Graduate,0.9368453276814708,0.04904464285169247,0.014110029466836722
427,Graduate,0.7051352912622431,0.22753429531990002,0.06733041341785681
428,Graduate,0.5802816197595705,0.25378692489003035,0.16593145535039916
429,Dropout,0.3279400311738851,0.1456076036876105,0.5264523651385045
430,Dropout,0.0008705908426181989,0.00860602574616655,0.9905233834112152
431,Dropout,0.09922381769024527,0.13728905772642042,0.7634871245833343
432,Graduate,0.6456516259191508,0.22242772786997866,0.13192064621087052
433,Dropout,0.17770161148165037,0.10328825119278749,0.7190101373255622
434,Dropout,0.00030991475571711833,0.006628108561299176,0.9930619766829838
435,Graduate,0.9549486287379831,0.028898269922531056,0.016153101339485873
436,Graduate,0.7296672351397172,0.1614410656478052,0.10889169921247763
437,Graduate,0.8159860708826429,0.11336909621900321,0.070644832898354
438,Dropout,3.3234027239193933e-06,0.009086618973347836,0.9909100576239283
439,Graduate,0.9544161199240463,0.03133982169888154,0.014244058377072056
440,Graduate,0.8803006536646389,0.08844520011183485,0.031254146223526305
441,Graduate,0.8090224448004194,0.13966323645333933,0.05131431874624142
442,Graduate,0.9179536186060455,0.06189565791166612,0.02015072348228834
443,Graduate,0.6807847247926129,0.2490415236679397,0.07017375153944745
444,Graduate,0.816805318160458,0.13368661032037266,0.049508071519169354
445,Graduate,0.8673309590125147,0.06147907269017336,0.07118996829731203
446,Graduate,0.5152256958709546,0.34397910068215215,0.14079520344689322
447,Graduate,0.6668403980927153,0.2541176051711247,0.07904199673616
448,Graduate,0.866199220719857,0.09415093256111708,0.039649846719025925
449,Graduate,0.9083434777142053,0.06928973250905016,0.022366789776744535
450,Graduate,0.9501689734608872,0.04117256610106796,0.008658460438044658
451,Graduate,0.9018448412692356,0.07247579811792383,0.025679360612840776
452,Dropout,0.00023986429623942143,0.0031469382976061517,0.9966131974061544
453,Graduate,0.6929932645618766,0.2114862394864384,0.09552049595168495
454,Enrolled,0.029729686995370274,0.6802152242077801,0.2900550887968496
455,Dropout,0.0014204511649483582,0.018082682668073027,0.9804968661669786
456,Graduate,0.8232825189032031,0.13269558203245366,0.04402189906434326
457,Graduate,0.5187784240868496,0.38380124336041765,0.09742033255273275
458,Dropout,0.008509022571446001,0.030381229501116214,0.9611097479274378
459,Graduate,0.5606459240310414,0.3232494854589945,0.11610459050996412
460,Dropout,0.01807267243073076,0.050871423838794734,0.9310559037304745
461,Dropout,0.00037181492898147507,0.058753701897500024,0.9408744831735184
462,Dropout,0.0002491511713521428,0.1226350546940552,0.8771157941345926
463,Graduate,0.7723197277823872,0.18124195606849278,0.04643831614912004
464,Graduate,0.797169355457931,0.12227914089032399,0.080551503651745
465,Graduate,0.886766263398499,0.09472749440131507,0.01850624220018602
466,Graduate,0.6976878243076929,0.2292570034670293,0.0730551722252778
467,Graduate,0.8747755215273973,0.09263018456705832,0.03259429390554429
468,Graduate,0.7232365143488706,0.18463407531171078,0.09212941033941867
469,Dropout,0.04138045267204615,0.1392578839122956,0.8193616634156583
470,Enrolled,0.3267303854909747,0.4282635024090331,0.24500611209999226
471,Dropout,0.020462907575965077,0.21115496064403616,0.7683821317799988
472,Graduate,0.8358723091979265,0.10099817820195925,0.06312951260011408
473,Graduate,0.6540616734391862,0.29699028610155964,0.04894804045925417
474,Graduate,0.8689604655183794,0.09333635369351394,0.037703180788106715
475,Dropout,0.04413253122464983,0.33453627940002056,0.6213311893753296
476,Dropout,0.10362414313637464,0.08648670887179512,0.8098891479918303
477,Graduate,0.6785990395471717,0.17462683860720232,0.14677412184562608
478,Graduate,0.8882944821073963,0.08225019953565879,0.029455318356944774
479,Graduate,0.8782874139087888,0.08629123938363915,0.03542134670757208
480,Dropout,0.0022165616137039784,0.004862808820948158,0.9929206295653478
481,Dropout,0.002647816368741189,0.17867809245084904,0.8186740911804098
482,Dropout,0.001621811443699985,0.1258753358575825,0.8725028526987175
483,Dropout,4.01562201906743e-05,0.03627253454968226,0.963687309230127
484,Graduate,0.7932801099312597,0.14614626595187313,0.06057362411686717
485,Graduate,0.7652713909720095,0.1266729545236728,0.1080556545043178
486,Enrolled,0.313992741206273,0.4979687640482834,0.18803849474544357
487,Graduate,0.9024888220885395,0.07072391326985539,0.026787264641605097
488,Dropout,0.11620250330329812,0.16330224311802155,0.7204952535786804
489,Graduate,0.8460928061474429,0.12140465435704818,0.032502539495508985
490,Dropout,0.22402158493208985,0.3369956799674078,0.43898273510050223
491,Graduate,0.8132855355486746,0.16403235165085456,0.02268211280047094
492,Graduate,0.6718497377423077,0.21475144853705122,0.11339881372064115
493,Graduate,0.686097273545321,0.22412857953371784,0.0897741469209611
494,Graduate,0.7983208463978242,0.1393675627431267,0.062311590859049054
495,Dropout,0.14941645239064033,0.18372241252258256,0.666861135086777
496,Graduate,0.937396490635601,0.044808843272581285,0.017794666091817832
497,Graduate,0.8896623787756375,0.07711993313228317,0.03321768809207935
498,Graduate,0.4269020863584412,0.4092950145336778,0.163802899107881
499,Graduate,0.9698775932395666,0.023518961138154475,0.00660344562227886
500,Dropout,0.040352316034969776,0.1211355150380731,0.838512168926957
501,Enrolled,0.0666587325276631,0.542153952547988,0.39118731492434883
502,Graduate,0.909541285312386,0.06864779180651757,0.02181092288109662
503,Graduate,0.9603906628471542,0.03075988868519028,0.008849448467655539
504,Dropout,0.006685936661541548,0.14245225031460582,0.8508618130238527
505,Graduate,0.793753455927172,0.1286595330636886,0.07758701100913945
506,Dropout,0.0022592390582388258,0.21245724310676325,0.785283517834998
507,Enrolled,0.3098775748794864,0.527871164504973,0.16225126061554063
508,Graduate,0.694757754063003,0.2445373426455577,0.06070490329143941
509,Graduate,0.8421241809539084,0.09763122247542343,0.0602445965706682
510,Graduate,0.695650379172865,0.17735632692106115,0.1269932939060738
511,Graduate,0.715739660939471,0.16304011082330036,0.12122022823722871
512,Graduate,0.4397665731283216,0.3450221907501111,0.21521123612156717
513,Graduate,0.865191761779417,0.09762786830293783,0.037180369917645166
514,Graduate,0.666451302450563,0.16483598586365314,0.16871271168578375
515,Dropout,0.0077637886358365915,0.25581985658529544,0.736416354778868
516,Graduate,0.9507379115388834,0.03891996475967478,0.010342123701441936
517,Dropout,0.14863304538360697,0.3041048831802695,0.5472620714361236
518,Graduate,0.6976367960491027,0.16239912406690593,0.13996407988399137
519,Enrolled,0.4381854658496148,0.4728914531248365,0.08892308102554868
520,Graduate,0.5505177464927014,0.28406225042266703,0.16542000308463164
521,Dropout,0.3767359776092324,0.24390068094068698,0.37936334145008066
522,Dropout,0.04540193251101568,0.2084414994825097,0.7461565680064747
523,Graduate,0.9342745918801909,0.046496080330479375,0.019229327789329762
524,Dropout,0.15389956768589338,0.36868366249756196,0.47741676981654463
525,Graduate,0.8875960667955377,0.06185199857495287,0.0505519346295095
526,Graduate,0.6971031387093576,0.20457686371670686,0.09831999757393546
527,Graduate,0.9281212382745013,0.05809669917269553,0.01378206255280299
528,Graduate,0.7940447204861092,0.1392567326807455,0.06669854683314543
529,Enrolled,0.13447984971904786,0.5910794334177432,0.274440716863209
530,Graduate,0.9240796861717453,0.05724449250041831,0.018675821327836475
531,Dropout,7.051131289306079e-05,0.014603550806021368,0.9853259378810857
532,Graduate,0.6554956078660217,0.22477614598472417,0.11972824614925424
533,Graduate,0.8884265392580151,0.087889942989549,0.02368351775243599
534,Dropout,0.012734633021709308,0.3092461130511996,0.6780192539270912
535,Dropout,0.37481812187110286,0.17462185683237302,0.45056002129652406
536,Graduate,0.821898002577879,0.11850180637473764,0.05960019104738321
537,Enrolled,0.01486811646823431,0.5384515157401835,0.44668036779158227
538,Graduate,0.8532960827233492,0.10484200320654347,0.04186191407010737
539,Graduate,0.8132335121685956,0.16416851469314314,0.022597973138261326
540,Dropout,0.19602733157815536,0.15888268926309446,0.6450899791587502
541,Dropout,0.17010323203517563,0.375514080176563,0.4543826877882613
542,Dropout,0.0038743211589029243,0.00909325483483737,0.9870324240062598
543,Graduate,0.7794155695231703,0.1353833775802739,0.08520105289655575
544,Graduate,0.6607661285187522,0.22721466995057713,0.11201920153067067
545,Dropout,0.0034225783701023957,0.03599210016948873,0.9605853214604089
546,Dropout,0.007025797980618659,0.02019634469560044,0.9727778573237809
547,Graduate,0.9344679186810895,0.05021602126466269,0.015316060054247772
548,Dropout,0.003138362411887609,0.012503297971825164,0.9843583396162873
549,Dropout,0.0001025886595441585,0.012152409539520043,0.9877450018009357
550,Graduate,0.6228891634320287,0.2842100021905919,0.09290083437737943
551,Graduate,0.8568977268423092,0.09371960766619995,0.049382665491490736
552,Graduate,0.7768390851892027,0.14466911023091503,0.07849180457988214
553,Graduate,0.8818052983608688,0.0873926060016869,0.030802095637444373
554,Enrolled,0.03729195223436618,0.5100188836465149,0.4526891641191189
555,Graduate,0.9450142380797236,0.042508936961317134,0.012476824958959127
556,Graduate,0.8973838990819867,0.0626287429181628,0.03998735799985052
