row_id,predicted_label,prob_Graduate,prob_Enrolled,prob_Dropout
0,Graduate,0.7417794806067463,0.1899350449017647,0.06828547449148908
1,Dropout,0.01657179790661404,0.15810125184540544,0.8253269502479805
2,Graduate,0.797080466832479,0.16149720660189915,0.041422326565621836
3,Dropout,0.20640612109683965,0.084693051125678,0.7089008277774823
4,Graduate,0.7396543413148841,0.14358243882926328,0.11676321985585271
5,Graduate,0.661055695154528,0.21686286733687868,0.12208143750859334
6,Dropout,0.06890824931833456,0.3753517636039975,0.555739987077668
7,Graduate,0.5167296623578779,0.32768139882596425,0.15558893881615782
8,Dropout,0.03831714429886953,0.4233490534222215,0.538333802278909
9,Graduate,0.42575971310762134,0.384238337737823,0.1900019491545557
10,Enrolled,0.07923598665042504,0.5654189388527759,0.3553450744967991
11,Graduate,0.9240325838364287,0.058224340421516224,0.017743075742055
12,Dropout,0.01618447287482612,0.4854625481916109,0.4983529789335631
13,Graduate,0.788996507174896,0.15906684556778616,0.05193664725731771
14,Dropout,0.034123119849553206,0.11426269935445145,0.8516141807959954
15,Graduate,0.7037599835527598,0.22279843101499258,0.07344158543224767
16,Enrolled,0.028640684308428727,0.5654139338552179,0.40594538183635337
17,Graduate,0.637160125944009,0.18502281401189807,0.177817060044093
18,Graduate,0.8206246791969298,0.13898889072670811,0.04038643007636199
19,Graduate,0.7114857247300046,0.16906070979325233,0.11945356547674311
20,Graduate,0.9121240034019071,0.04504264370547967,0.04283335289261318
21,Enrolled,0.3119861403334361,0.36143234682135855,0.3265815128452054
22,Dropout,0.16611589677119237,0.3076156757506003,0.5262684274782073
23,Enrolled,0.2727246038635571,0.5149851545833714,0.21229024155307158
24,Graduate,0.9613395544656022,0.03134654918226586,0.007313896352132007
25,Graduate,0.8351255158571224,0.10741037898728466,0.05746410515559304
26,Graduate,0.6872523300145801,0.19976376464511722,0.11298390534030273
27,Dropout,0.11443827142664997,0.08379416317971314,0.8017675653936368
28,Dropout,0.3329853426895698,0.12811330023838174,0.5389013570720484
29,Graduate,0.9074764081848924,0.07197879193552359,0.020544799879583877
30,Graduate,0.9172316161660067,0.059715247997124604,0.023053135836868823
31,Dropout,0.0215754908282845,0.14802924072595064,0.8303952684457648
32,Dropout,0.005810222081158902,0.09790160548618734,0.8962881724326539
33,Graduate,0.3679028839858855,0.31956133275514453,0.31253578325896997
34,Graduate,0.933314799286087,0.04380937123169786,0.022875829482215056
35,Dropout,0.008404851198425739,0.027963820750634596,0.9636313280509397
36,Graduate,0.5815983053808241,0.2196429102723659,0.19875878434681
37,Graduate,0.9141573226746813,0.06884467873836388,0.016997998586954912
38,Graduate,0.7249642843177636,0.22024194379269016,0.054793771889546185
39,Graduate,0.8009288540665852,0.1435970907612957,0.05547405517211901
40,Graduate,0.8980865276494736,0.0699156607821485,0.03199781156837786
41,Enrolled,0.0891257647754599,0.7098755887443831,0.20099864648015717
42,Dropout,0.11801726046032024,0.13305962849919784,0.7489231110404819
43,Graduate,0.8058944964449483,0.16518019168938944,0.028925311865662273
44,Dropout,0.19193877603848855,0.24830416885271056,0.5597570551088009
45,Graduate,0.824244791331509,0.10146878202878386,0.07428642663970723
46,Dropout,0.0005595435972490524,0.10613463515689205,0.8933058212458589
47,Graduate,0.8470835704409582,0.1089366291073257,0.04397980045171611
48,Dropout,0.18089258098612918,0.12166166360229343,0.6974457554115774
49,Dropout,0.0038061617577179775,0.00864070845534141,0.9875531297869407
50,Graduate,0.9153063909228265,0.06656753803307865,0.018126071044094874
51,Graduate,0.9071434077688751,0.07316326042006734,0.01969333181105756
52,Graduate,0.9150956084484018,0.06386998536997085,0.021034406181627417
53,Graduate,0.5016172648620535,0.36959081612397826,0.12879191901396825
54,Graduate,0.9536597753977126,0.03656211853368718,0.009778106068600226
55,Enrolled,0.1675275098316306,0.4410833229091335,0.39138916725923595
56,Graduate,0.7826752927139332,0.11933857077681603,0.0979861365092507
57,Graduate,0.8374959879142315,0.09650032411749838,0.06600368796827004
58,Graduate,0.6266969607347005,0.18642023093628252,0.18688280832901688
59,Graduate,0.8087709423330225,0.13160816766692218,0.05962089000005529
60,Dropout,0.042187558627727516,0.05042699327998731,0.9073854480922852
61,Graduate,0.8363857916632588,0.12976013779921672,0.0338540705375243
62,Graduate,0.8750884835193101,0.10579513105847382,0.019116385422216147
63,Graduate,0.5234517184853384,0.35381600988787754,0.12273227162678409
64,Graduate,0.6317247465672351,0.2886329941977614,0.0796422592350035
65,Graduate,0.9592868337930118,0.031393567648009255,0.00931959855897875
66,Graduate,0.7205791644054851,0.2174951034531106,0.061925732141404295
67,Dropout,0.17192942737409425,0.1250677191786043,0.7030028534473015
68,Dropout,0.00308008731690932,0.022896731806397803,0.9740231808766929
69,Dropout,0.00036504887889984974,0.00979707629848601,0.9898378748226141
70,Dropout,1.776610260921934e-05,0.04628661052525719,0.9536956233721335
71,Enrolled,0.3447673511100735,0.3704010107288183,0.28483163816110824
72,Graduate,0.9468342965841253,0.04076599338332044,0.012399710032554084
73,Enrolled,0.047876459175347746,0.5310704929655619,0.4210530478590904
74,Enrolled,0.2542424691002857,0.5762122201562805,0.1695453107434338
75,Graduate,0.7657964494149248,0.18177076730796998,0.05243278327710514
76,Graduate,0.92343560919155,0.055703076351998684,0.02086131445645121
77,Graduate,0.8385202842130932,0.12271741370816808,0.03876230207873865
78,Dropout,0.01115615019736871,0.17434915314131738,0.8144946966613139
79,Graduate,0.42882195259307165,0.3100211797497716,0.2611568676571568
80,Graduate,0.9108025277128425,0.062481101078285785,0.02671637120887165
81,Graduate,0.8674391797332999,0.10972985453430888,0.022830965732391253
82,Enrolled,0.08092577925187411,0.5630698525571532,0.3560043681909726
83,Graduate,0.8368432655702482,0.12405308263509476,0.03910365179465702
84,Graduate,0.8984629432048131,0.05334660965436633,0.0481904471408205
85,Graduate,0.8846973806749192,0.07920876572358723,0.03609385360149336
86,Graduate,0.7587773487800399,0.15852775865246005,0.08269489256750005
87,Graduate,0.7075465106697275,0.14922660714177113,0.14322688218850133
88,Dropout,0.017050105442794124,0.2949124187009518,0.6880374758562541
89,Graduate,0.44059103877723205,0.42138408170539526,0.1380248795173727
90,Graduate,0.5160889813827352,0.34038982458193645,0.14352119403532845
91,Graduate,0.458704617057202,0.3504440629898205,0.19085131995297758
92,Graduate,0.9623440303942972,0.02894883525406404,0.00870713435163882
93,Enrolled,0.24765986524689657,0.45343201108278275,0.29890812367032077
94,Graduate,0.7162122847108626,0.18344822211925424,0.10033949316988303
95,Graduate,0.9103786723084514,0.06538223634011855,0.024239091351430098
96,Graduate,0.9013728478911909,0.07525813269304785,0.023369019415761264
97,Graduate,0.7773070197233715,0.13319219354677653,0.0895007867298519
98,Graduate,0.732973639644409,0.2077783639054609,0.059247996450130215
99,Dropout,0.07470816745971513,0.03937375284690475,0.8859180796933801
100,Dropout,0.0013933007865849396,0.008860724746876537,0.9897459744665386
101,Graduate,0.8642555857731262,0.11501227364688099,0.020732140579992762
102,Dropout,0.00011104851129625806,0.015963386948591153,0.9839255645401126
103,Graduate,0.9201436928492637,0.0632733803901064,0.016582926760630022
104,Dropout,0.013706071041703533,0.3109104689995621,0.6753834599587344
105,Graduate,0.5726802604645429,0.3098934491630499,0.11742629037240714
106,Dropout,0.005272524796072204,0.2669104587034451,0.7278170165004827
107,Graduate,0.5746760533208278,0.22348982107685478,0.20183412560231748
108,Enrolled,0.14943901340891746,0.494810620985868,0.3557503656052146
109,Graduate,0.9200524536627239,0.05998563837696895,0.0199619079603072
110,Dropout,0.1514751902814469,0.12302065483162142,0.7255041548869318
111,Dropout,0.02985686174498074,0.01662014802497033,0.9535229902300488
112,Graduate,0.7311987229876457,0.11063871419195086,0.15816256282040347
113,Graduate,0.8805958526869295,0.09260020683823014,0.026803940474840415
114,Graduate,0.8615876687987196,0.06122417314128261,0.07718815805999786
115,Graduate,0.5515760316145191,0.24712186812022324,0.20130210026525786
116,Dropout,6.370964507406214e-05,0.009583865776650765,0.9903524245782753
117,Graduate,0.36995774956238253,0.36208193437280023,0.26796031606481713
118,Dropout,8.469085458209719e-06,0.01894597545429136,0.9810455554602504
119,Dropout,1.7671836461229542e-05,0.012689775430958828,0.9872925527325799
120,Graduate,0.9422090690016399,0.046645667242808074,0.01114526375555206
121,Graduate,0.693502745550383,0.19678046188710066,0.10971679256251636
122,Graduate,0.9204734218921642,0.05469074884142994,0.024835829266405887
123,Dropout,2.452710255115319e-05,0.06511114902255913,0.9348643238748897
124,Graduate,0.8666527341253066,0.08258965440123309,0.0507576114734604
125,Dropout,0.10226642665024273,0.22980624856401577,0.6679273247857416
126,Graduate,0.5670243208777884,0.3568754701162334,0.0761002090059782
127,Graduate,0.9189650935922207,0.06682973055135492,0.014205175856424382
128,Dropout,0.00022842779998914677,0.04440948411109674,0.9553620880889141
129,Graduate,0.9674190899357054,0.024062376825721602,0.008518533238573194
130,Graduate,0.7279439945205112,0.21039133698145565,0.06166466849803326
131,Graduate,0.842793676601912,0.10479298698908558,0.05241333640900254
132,Graduate,0.6671145399869876,0.2947030344193893,0.038182425593623066
133,Graduate,0.881874405998714,0.0942001349122724,0.02392545908901368
134,Graduate,0.901428659658555,0.07641334218545115,0.022157998155993824
135,Graduate,0.8886035073590738,0.0852303690848352,0.026166123556090902
136,Dropout,7.271488988892956e-05,0.004992243883030422,0.9949350412270807
137,Graduate,0.8862935200450187,0.08685142778290954,0.02685505217207175
138,Graduate,0.5193758918317766,0.33817665777284994,0.14244745039537357
139,Graduate,0.8415501648923974,0.10192437212002109,0.056525462987581473
140,Graduate,0.8510160715614089,0.10764642904426101,0.04133749939433001
141,Dropout,0.09080932844211771,0.12706213103054076,0.7821285405273415
142,Graduate,0.7325161832990511,0.22199213070517554,0.04549168599577328
143,Graduate,0.734447263202118,0.2143685907776886,0.05118414602019354
144,Graduate,0.9249567530599776,0.050441118468047184,0.02460212847197527
145,Graduate,0.9134502267171982,0.05918262303003249,0.027367150252769225
146,Graduate,0.5190532005709126,0.2396413756851574,0.24130542374393
147,Dropout,0.10890682754696991,0.10463227693801168,0.7864608955150184
148,Enrolled,0.26018089197153,0.4193970854936595,0.32042202253481056
149,Enrolled,0.025278475949261386,0.6751277103291634,0.29959381372157534
150,Dropout,0.10542068129464047,0.08133960060279155,0.813239718102568
151,Graduate,0.843543275182899,0.10394091370836227,0.052515811108738715
152,Dropout,0.02557305146072844,0.35470119259922167,0.6197257559400499
153,Graduate,0.5722497343673186,0.32710125505614807,0.10064901057653332
154,Graduate,0.42454489044295024,0.37745328211734513,0.19800182743970465
155,Dropout,5.790192286499353e-05,0.07712806602824253,0.9228140320488926
156,Graduate,0.800311236495288,0.10377096743589873,0.09591779606881334
157,Graduate,0.5713268034991436,0.208641849340551,0.22003134716030545
158,Enrolled,0.14556855097297974,0.5261452192031367,0.3282862298238836
159,Graduate,0.8304465461855628,0.1321554948663547,0.037397958948082684
160,Graduate,0.5765413646610206,0.29181861143536636,0.13164002390361298
161,Dropout,9.222796289717765e-05,0.008181359522113579,0.9917264125149892
162,Dropout,0.015346670427656549,0.32598686748503863,0.6586664620873047
163,Graduate,0.5658121809278963,0.2839928590815285,0.15019495999057522
164,Dropout,0.03763089441693859,0.3278563572861716,0.6345127482968899
165,Graduate,0.9148701680422814,0.05944314685871091,0.025686685099007647
166,Enrolled,0.08923881889701575,0.5634314844661659,0.3473296966368184
167,Graduate,0.8845883862951202,0.06931186183824864,0.046099751866631095
168,Graduate,0.8531891932390575,0.12343627154161581,0.02337453521932658
169,Graduate,0.8086259545076472,0.10310075225165725,0.08827329324069566
170,Graduate,0.8053458952859265,0.12869867988213304,0.06595542483194038
171,Graduate,0.9151210045041407,0.06608815563130005,0.018790839864559202
172,Enrolled,0.10285244645109454,0.6215747424705843,0.27557281107832116
173,Graduate,0.8581872062520779,0.11348491629260926,0.02832787745531271
174,Graduate,0.9635295418469302,0.030268166620647862,0.006202291532421827
175,Dropout,0.0063309267451646094,0.3761547113235403,0.617514361931295
176,Graduate,0.8453534883805374,0.13051565031521933,0.02413086130424321
177,Graduate,0.6640406823959987,0.20091914648153952,0.13504017112246194
178,Enrolled,0.09719084188614473,0.5308175960245259,0.37199156208932943
179,Graduate,0.8108938482329743,0.11417691586739892,0.07492923589962673
180,Dropout,0.00013254274829965204,0.02238184366688531,0.977485613584815
181,Enrolled,0.38171751736924564,0.4391976348843465,0.17908484774640795
182,Graduate,0.5249827222588724,0.30168704797414425,0.1733302297669834
183,Graduate,0.9229795397820693,0.059271742018728854,0.017748718199201954
184,Graduate,0.8976422827603342,0.08429847858348918,0.01805923865617674
185,Enrolled,0.12737553507807292,0.5263309742731648,0.34629349064876225
186,Graduate,0.9483736932056699,0.0424846523187791,0.009141654475551162
187,Graduate,0.6104156826096871,0.26977760239392873,0.11980671499638419
188,Enrolled,0.02539174126700838,0.5583196638037354,0.41628859492925613
189,Graduate,0.9321384738829324,0.04840731724413697,0.019454208872930458
190,Dropout,0.09509925528241328,0.31284592649632326,0.5920548182212634
191,Dropout,0.13891217773079736,0.08505826412116788,0.7760295581480346
192,Graduate,0.7399664151726622,0.1606293490744545,0.09940423575288337
193,Dropout,0.20034656324516786,0.23115993827011802,0.5684934984847141
194,Graduate,0.9072704462984653,0.06912975617303072,0.023599797528504062
195,Dropout,0.0051121416625233935,0.1114246194741716,0.8834632388633051
196,Graduate,0.7465816530984212,0.18294329559686612,0.07047505130471275
197,Graduate,0.5562327284185064,0.264599953531992,0.17916731804950167
198,Dropout,0.007713692024338506,0.31485999088500394,0.6774263170906576
199,Graduate,0.6840260666296037,0.19674088930422037,0.11923304406617585
200,Graduate,0.5805379004989072,0.3257074528387457,0.09375464666234713
201,Graduate,0.5756058871126076,0.3375020484985788,0.08689206438881378
202,Graduate,0.7460691045025702,0.15869359652199394,0.09523729897543576
203,Enrolled,0.16195981732558556,0.6688518743274683,0.16918830834694618
204,Graduate,0.8565279329087042,0.07991242203430554,0.06355964505699035
205,Enrolled,0.008167629670854585,0.5752764335836884,0.41655593674545693
206,Graduate,0.4620406683012461,0.3207849217331876,0.2171744099655662
207,Dropout,0.04305017405651203,0.164185645188009,0.792764180755479
208,Dropout,0.0002477339199106935,0.02357456293677893,0.9761777031433103
209,Dropout,0.015872938388484734,0.4058553901847092,0.5782716714268061
210,Graduate,0.9115695226145449,0.05877802524812249,0.02965245213733263
211,Graduate,0.6459625513834347,0.2057501981779298,0.14828725043863544
212,Enrolled,0.05257599758626909,0.7199337558894464,0.22749024652428446
213,Graduate,0.9383404349883712,0.043680053051804585,0.017979511959824272
214,Graduate,0.928269861264588,0.05284372806721586,0.018886410668196175
215,Dropout,0.006527323564288678,0.19018663254305437,0.803286043892657
216,Dropout,0.006422655998914435,0.19735573115683697,0.7962216128442486
217,Graduate,0.502551214893575,0.30899486015569394,0.18845392495073113
218,Enrolled,0.24497680084986548,0.43413801101609567,0.32088518813403877
219,Graduate,0.6857544870496655,0.22184901049289257,0.09239650245744199
220,Enrolled,0.15945636092797583,0.43816110028703076,0.40238253878499347
221,Graduate,0.7684644679137682,0.15142796649069148,0.08010756559554033
222,Graduate,0.9253798191206278,0.05284028915931883,0.021779891720053447
223,Graduate,0.96234829598266,0.03130101421724299,0.00635068980009697
224,Enrolled,0.34809028212595,0.37617400427860564,0.27573571359544435
225,Graduate,0.7496507020116598,0.20058704768306862,0.049762250305271566
226,Enrolled,0.029147057317552887,0.5167615151816851,0.454091427500762
227,Dropout,0.011436868841574764,0.09752753362255147,0.8910355975358737
228,Dropout,0.26582532033958356,0.18058288097585354,0.5535917986845629
229,Graduate,0.8845569147672632,0.09000400005360736,0.02543908517912929
230,Graduate,0.7987208396138243,0.14707204133287366,0.054207119053302076
231,Dropout,0.061333532464985276,0.04723469689990506,0.8914317706351096
232,Graduate,0.9477525583046996,0.038194721361815634,0.014052720333484805
233,Dropout,0.00530659642271392,0.14785629504414818,0.8468371085331378
234,Graduate,0.5007541068246454,0.3208014167942809,0.17844447638107372
235,Dropout,0.0007947711576636202,0.048381960791291145,0.9508232680510452
236,Dropout,0.16489201522515057,0.18710938650397294,0.6479985982708765
237,Graduate,0.9192529227478927,0.06850921143885423,0.012237865813252998
238,Dropout,0.004769326723020384,0.025159129147150433,0.9700715441298292
239,Graduate,0.537245198945879,0.33357447493976644,0.12918032611435454
240,Graduate,0.9360587585721004,0.0466002778387739,0.017340963589125766
241,Graduate,0.8789142059324536,0.08195314729809987,0.039132646769446444
242,Dropout,0.006355589858355855,0.028303622310844843,0.9653407878307994
243,Enrolled,0.33505546777576684,0.4173609859136646,0.24758354631056853
244,Graduate,0.9217373791127521,0.06066019126232044,0.017602429624927318
245,Dropout,0.00012883021618568488,0.013212546556536704,0.9866586232272776
246,Graduate,0.7904145266367014,0.13089015387527397,0.07869531948802472
247,Dropout,0.14365359619343696,0.4237345412347515,0.4326118625718115
248,Dropout,0.00016423549073832206,0.019388633459885993,0.9804471310493756
249,Graduate,0.9456153089205995,0.04416912416219185,0.010215566917208685
250,Dropout,0.39308563060946305,0.07816191795801998,0.5287524514325169
251,Graduate,0.786929959077315,0.13085037751108494,0.08221966341160013
252,Graduate,0.8831263522663548,0.08866354451287056,0.028210103220774656
253,Graduate,0.8518685869318794,0.10761375834217357,0.04051765472594708
254,Graduate,0.6193806691550594,0.22423834451416957,0.15638098633077105
255,Dropout,0.0038869615820377856,0.14686576613597288,0.8492472722819894
256,Graduate,0.9502163244500886,0.044142933882096544,0.00564074166781485
257,Graduate,0.8541529902140755,0.09679541342131383,0.04905159636461061
258,Graduate,0.8126209816060359,0.09627151116608756,0.09110750722787662
259,Dropout,0.00466930255115269,0.41877871519391596,0.5765519822549314
260,Dropout,0.03389115649054688,0.22353083863050058,0.7425780048789526
261,Graduate,0.905689801828142,0.06541195778090145,0.028898240390956627
262,Dropout,0.0005197989727956586,0.01734235985619567,0.9821378411710086
263,Dropout,0.09358326268381499,0.4041858336404559,0.5022309036757292
264,Graduate,0.7323747244448097,0.10233597691535452,0.16528929863983582
265,Graduate,0.828143784757645,0.09709725067044543,0.07475896457190949
266,Graduate,0.9116813923851946,0.060755356403300556,0.027563251211504988
267,Graduate,0.6132724222129076,0.23280527149427171,0.15392230629282064
268,Dropout,7.356734640851657e-05,0.029271441884954914,0.9706549907686365
269,Dropout,0.001658649762083443,0.27264223848638025,0.7256991117515362
270,Graduate,0.8792879346385555,0.08893799585179736,0.031774069509647195
271,Dropout,5.216446974183943e-05,0.03628070903801173,0.9636671264922465
272,Graduate,0.5862962026234041,0.25391181856752393,0.1597919788090721
273,Dropout,0.0011662651689327618,0.010834443159354463,0.9879992916717129
274,Graduate,0.9476531448460339,0.0381512553254787,0.014195599828487355
275,Graduate,0.9056351365660462,0.0615925956624113,0.032772267771542615
276,Enrolled,0.1487248215117215,0.5296662478344472,0.3216089306538314
277,Graduate,0.961043766385258,0.02958482320179677,0.009371410412945293
278,Dropout,0.21942413337621114,0.1330909371864422,0.6474849294373467
279,Dropout,0.3414838501104297,0.24750667876628937,0.4110094711232808
280,Graduate,0.5787962476461657,0.31874546846342183,0.10245828389041252
281,Enrolled,0.3161417158963406,0.4371528880768463,0.24670539602681305
282,Dropout,8.986787499628406e-05,0.020948220970468254,0.9789619111545356
283,Graduate,0.9064443260999342,0.07926832996847777,0.014287343931588026
284,Dropout,0.13701875188482807,0.10311106294065742,0.7598701851745145
285,Dropout,0.12738217927850828,0.11371302661530304,0.7589047941061887
286,Dropout,8.053328714761569e-05,0.010172665366125528,0.9897468013467269
287,Graduate,0.8322882627629951,0.12382518485617504,0.043886552380830085
288,Graduate,0.8261822552756042,0.09432916958990319,0.07948857513449256
289,Dropout,0.26662782064781937,0.1311939701057961,0.6021782092463845
290,Graduate,0.9041370561670178,0.06936425451627101,0.026498689316711184
291,Dropout,0.18393427761526787,0.23627418099372693,0.5797915413910051
292,Graduate,0.8408503006695908,0.09696656525427692,0.06218313407613224
293,Graduate,0.8705768624880431,0.08975276915394288,0.03967036835801396
294,Dropout,0.0333225109421486,0.29163542943074205,0.6750420596271094
295,Graduate,0.9338608840555539,0.05016849309101485,0.01597062285343135
296,Dropout,0.0021655171544979466,0.011076147329990328,0.9867583355155116
297,Graduate,0.9221095116211764,0.06500253238505381,0.012887955993769764
298,Enrolled,0.29628320938907526,0.5315796180781057,0.17213717253281902
299,Graduate,0.8427111372041514,0.10378805302613513,0.053500809769713435
300,Graduate,0.8765705290687964,0.08672279545785115,0.036706675473352365
301,Enrolled,0.13787936631354242,0.4531053554127161,0.4090152782737415
302,Graduate,0.8480492282562061,0.08955185574074682,0.06239891600304705
303,Graduate,0.7535093494064634,0.19246240464437436,0.054028245949162175
304,Graduate,0.8910964112149743,0.05802185418608387,0.05088173459894197
305,Graduate,0.8754712700772351,0.07762512567698017,0.04690360424578458
306,Dropout,0.22944879638691787,0.1429410388264623,0.6276101647866199
307,Dropout,0.01751342429025214,0.22703364876755808,0.7554529269421898
308,Dropout,0.20469096999320247,0.2619669664576224,0.5333420635491751
309,Enrolled,0.044727367380068744,0.5973323714427707,0.3579402611771605
310,Dropout,0.009823954508366223,0.15853765113207333,0.8316383943595606
311,Dropout,0.34399351829472397,0.16292178896611414,0.49308469273916194
312,Dropout,0.0004500059288705968,0.014488190964379354,0.9850618031067501
313,Graduate,0.8731617375010856,0.08240067578181577,0.044437586717098625
314,Dropout,0.0578152349240292,0.10621437679447022,0.8359703882815005
315,Graduate,0.8947409567024744,0.07984220562800602,0.025416837669519573
316,Graduate,0.8990746625623927,0.05218610132414763,0.04873923611345978
317,Graduate,0.8595918914254342,0.10699411417952591,0.03341399439503983
318,Dropout,0.0006362159317728361,0.023433024631460547,0.9759307594367667
319,Graduate,0.6300925971624703,0.25418903988786073,0.11571836294966888
320,Graduate,0.7676369439812274,0.1277857198282974,0.10457733619047511
321,Enrolled,0.2954094695616514,0.49538555103071735,0.20920497940763105
322,Dropout,0.000893488593907649,0.013192443681649147,0.9859140677244433
323,Graduate,0.9136508561642865,0.06640882044227142,0.019940323393442067
324,Graduate,0.4883207257070246,0.32752785575357485,0.18415141853940042
325,Graduate,0.6501596057479322,0.232879758502703,0.11696063574936484
326,Dropout,0.011313475034551258,0.232385645015068,0.7563008799503806
327,Graduate,0.9411696284413112,0.04163245962669993,0.017197911931988847
328,Graduate,0.8420960772768828,0.11548858915684503,0.042415333566272
329,Graduate,0.8970053998982473,0.08082180897386981,0.02217279112788285
330,Dropout,9.640038498040762e-05,0.019564588582310544,0.9803390110327089
331,Graduate,0.7781495245967788,0.12541514497631134,0.09643533042690994
332,Dropout,0.12211372954351409,0.09080602478542485,0.787080245671061
333,Graduate,0.954573120948132,0.03677915000338642,0.008647729048481633
334,Graduate,0.903939405285768,0.08473865126216192,0.011321943452070148
335,Dropout,0.06267562454805023,0.46097462481345897,0.4763497506384908
336,Dropout,0.07121639491062977,0.22162501085256173,0.7071585942368085
337,Enrolled,0.09735565450119942,0.5011292242284706,0.40151512127032996
338,Dropout,0.24267626331207548,0.34384590068980914,0.41347783599811544
339,Graduate,0.9101411687786545,0.07043046587599829,0.019428365345347354
340,Graduate,0.95717087369229,0.03605817734868973,0.006770948959020278
341,Graduate,0.901331040430802,0.07214588717163875,0.02652307239755913
342,Graduate,0.8275900989148274,0.10532554406498784,0.06708435702018485
343,Dropout,0.021426562055881133,0.2088597325229817,0.7697137054211373
344,Dropout,0.1695512837197435,0.1182615650955269,0.7121871511847296
345,Graduate,0.9086092442309001,0.062212687579265395,0.02917806818983454
346,Graduate,0.9348033802977153,0.049833979661261386,0.015362640041023508
347,Graduate,0.7903780636738061,0.14210863571767682,0.0675133006085171
348,Graduate,0.9013560806375018,0.06423710114957473,0.03440681821292341
349,Graduate,0.9454121370181796,0.04264076416623978,0.011947098815580395
350,Dropout,0.0037831543210608888,0.1241675934152628,0.8720492522636762
351,Graduate,0.6171859707174122,0.27683333888618444,0.10598069039640341
352,Dropout,0.29140318453701286,0.3017105267410973,0.40688628872189
353,Dropout,0.101393792000986,0.08727060135073872,0.8113356066482752
354,Graduate,0.5709291600138445,0.3548653662507563,0.07420547373539915
355,Graduate,0.8508800387012759,0.09023802013379342,0.05888194116493048
356,Dropout,0.022035908979799353,0.29346413751696593,0.6844999535032347
357,Dropout,0.0015563890062314605,0.2715879719949187,0.7268556389988499
358,Graduate,0.4729514786165124,0.14916463586548334,0.3778838855180043
359,Dropout,3.4917884907522236e-05,0.02987208479888815,0.9700929973162042
360,Enrolled,0.17750651005920812,0.41525772351848805,0.40723576642230386
361,Graduate,0.9120774272452905,0.06786365698350486,0.02005891577120471
362,Dropout,0.16902348178965276,0.21092094190434585,0.6200555763060015
363,Dropout,0.20638191255832886,0.17082853613301105,0.6227895513086601
364,Dropout,0.11253807867814916,0.12520981151954755,0.7622521098023033
365,Graduate,0.9417320386423516,0.04670302840172275,0.011564932955925752
366,Dropout,0.003926662870528719,0.05411643975025824,0.941956897379213
367,Dropout,0.00010302728500161992,0.047171952935802126,0.9527250197791962
368,Graduate,0.6419597321988463,0.21891369431521812,0.1391265734859355
369,Enrolled,0.23422755153029937,0.41034345951045553,0.3554289889592451
370,Graduate,0.9270672790687314,0.05783160285988198,0.015101118071386583
371,Dropout,0.005950989454737334,0.10262056768041562,0.891428442864847
372,Graduate,0.9166760883705941,0.05710436093492915,0.026219550694476706
373,Graduate,0.8797619810394129,0.07953093122642192,0.04070708773416516
374,Graduate,0.7200230608212846,0.1822533182906359,0.09772362088807934
375,Dropout,0.0054981301717965236,0.1120529596675744,0.8824489101606291
376,Graduate,0.8181640954894468,0.13121926876519024,0.05061663574536286
377,Graduate,0.8897982336027247,0.0706293166246941,0.03957244977258132
378,Graduate,0.9077394987751226,0.036537549140362974,0.05572295208451448
379,Graduate,0.9492082212530393,0.04012201919148046,0.010669759555480269
380,Dropout,0.0002177874908398503,0.06433535522860506,0.9354468572805551
381,Graduate,0.9053512708661472,0.06514426768979326,0.029504461444059625
382,Graduate,0.40329740857692103,0.4006151891222423,0.1960874023008366
383,Graduate,0.8893358470630937,0.07101934182117242,0.03964481111573397
384,Graduate,0.8242120512848626,0.12144413250812437,0.05434381620701303
385,Dropout,0.014371150263848007,0.15427192584614333,0.8313569238900086
386,Dropout,0.16534923566647955,0.2121902053495323,0.6224605589839881
387,Graduate,0.862747476293182,0.08044975817605189,0.056802765530765895
388,Graduate,0.8528440641726002,0.11297789705227251,0.03417803877512733
389,Dropout,0.057102615901463226,0.032984465335196805,0.9099129187633399
390,Graduate,0.8497487979784957,0.12207387609055124,0.02817732593095309
391,Graduate,0.7780774843511534,0.17992219496307088,0.04200032068577576
392,Enrolled,0.276228787129521,0.5766759130051382,0.14709529986534073
393,Dropout,0.004601030916596336,0.08272110895142948,0.9126778601319742
394,Dropout,0.028206695595825577,0.053001507062455544,0.9187917973417189
395,Graduate,0.9537864651356972,0.03368344136071287,0.012530093503590032
396,Graduate,0.5898324953313067,0.2898699843119223,0.12029752035677103
397,Dropout,0.00024127432673464065,0.15492770578460313,0.8448310198886623
398,Graduate,0.9644964332064986,0.03121377894652137,0.0042897878469800406
399,Dropout,0.000251749764414256,0.04974594386864145,0.9500023063669444
400,Dropout,0.3207764649389029,0.2982897688994657,0.38093376616163144
401,Enrolled,0.3453745519272378,0.431814548722599,0.22281089935016316
402,Dropout,0.18705454879245367,0.12833424163262147,0.6846112095749249
403,Graduate,0.8877390156833662,0.0838485139000498,0.02841247041658389
404,Enrolled,0.32840577749005223,0.558057261466253,0.11353696104369485
405,Dropout,0.004573336254377655,0.22571824802062873,0.7697084157249936
406,Graduate,0.5649721503020055,0.31159221920965635,0.1234356304883381
407,Graduate,0.6906253068641726,0.2446831030223415,0.06469159011348587
408,Enrolled,0.39180129987501106,0.40916290303669717,0.19903579708829183
409,Graduate,0.8897274123391505,0.07689727335140288,0.033375314309446645
410,Dropout,0.0006897317663410162,0.11514129843984092,0.884168969793818
411,Dropout,0.021915221576650337,0.3065898115715867,0.671494966851763
412,Graduate,0.8919300873056707,0.08519604900236057,0.022873863691968727
413,Graduate,0.6707720975597238,0.20042714599044775,0.12880075644982847
414,Dropout,9.683086532290607e-06,0.014550325057470394,0.9854399918559973
415,Graduate,0.7602763247399692,0.1372060482142338,0.10251762704579703
416,Enrolled,0.06251787372505976,0.7254587783768807,0.2120233478980595
417,Enrolled,0.24917072966923184,0.4881727036329554,0.26265656669781295
418,Dropout,0.0742679249010184,0.12033943973297447,0.8053926353660071
419,Graduate,0.9173630933082125,0.06154031287524084,0.021096593816546577
420,Graduate,0.9185495396999054,0.05580259644389087,0.025647863856203698
421,Graduate,0.8298949210671552,0.1260780331351922,0.04402704579765267
422,Dropout,0.01071603578039128,0.3645594876440863,0.6247244765755225
423,Graduate,0.766667381613745,0.1484875226602301,0.08484509572602479
424,Graduate,0.6385316259771766,0.2856789322653484,0.07578944175747511
425,Graduate,0.9278206059390212,0.06147603243208091,0.010703361628897868
426,Graduate,0.9358415896032728,0.05132186267632443,0.012836547720402592
427,Graduate,0.7018440579065364,0.22595770183706376,0.0721982402563999
428,Graduate,0.5834376509182663,0.25732650803614615,0.15923584104558763
429,Dropout,0.318903505470589,0.1381544897468178,0.5429420047825931
430,Dropout,0.0008649368564448211,0.008456832775329572,0.9906782303682257
431,Dropout,0.09593027139758388,0.12979462049383939,0.7742751081085767
432,Graduate,0.6451930741987225,0.21744785483999263,0.13735907096128477
433,Dropout,0.18434893800066057,0.10762214890287848,0.7080289130964609
434,Dropout,0.00027960395030302666,0.005691100132746993,0.9940292959169501
435,Graduate,0.9553620854715889,0.02866765099131986,0.01597026353709122
436,Graduate,0.7636208587484918,0.13604818661130347,0.1003309546402047
437,Graduate,0.8094434038694402,0.10985805209718463,0.08069854403337509
438,Dropout,5.676332608657978e-06,0.010458322993695531,0.9895360006736958
439,Graduate,0.9554550812958191,0.032431969844740866,0.012112948859439992
440,Graduate,0.8353746394987439,0.11667348129609238,0.047951879205163736
441,Graduate,0.8079524962398587,0.1419624758232143,0.05008502793692707
442,Graduate,0.917557972609974,0.06311323389549665,0.019328793494529258
443,Graduate,0.680712285713223,0.24449782209948828,0.07478989218728871
444,Graduate,0.8174180237942177,0.13512780615901074,0.04745417004677145
445,Graduate,0.862683371890772,0.05910823218705074,0.0782083959221773
446,Graduate,0.5168937830151425,0.3478430039997813,0.13526321298507615
447,Graduate,0.6655976140233653,0.2575818393541689,0.07682054662246589
448,Graduate,0.8651107883103271,0.09468741514190679,0.04020179654776634
449,Graduate,0.9081441560272101,0.07048341996891516,0.021372424003874714
450,Graduate,0.9498355420368622,0.04181568254879396,0.008348775414343906
451,Graduate,0.9000601764889173,0.07047284381084806,0.029466979700234656
452,Dropout,0.0002148367631574656,0.0026436532163443037,0.9971415100204982
453,Graduate,0.6909965299744099,0.21143905138792665,0.0975644186376635
454,Enrolled,0.018583868637305392,0.6300997022081308,0.3513164291545638
455,Dropout,0.0013770663355247433,0.017366574492921717,0.9812563591715534
456,Graduate,0.8212075412149291,0.13173391048057023,0.04705854830450066
457,Graduate,0.5170206978775703,0.38446847375872106,0.09851082836370853
458,Dropout,0.007468240104642234,0.02550400006979267,0.967027759825565
459,Graduate,0.5619367734276727,0.32202599217286654,0.11603723439946086
460,Dropout,0.016607817669742675,0.04499293263286809,0.9383992496973892
461,Dropout,0.00039187738503254524,0.06297171217344223,0.9366364104415251
462,Dropout,0.00025342064914781013,0.12204148607844591,0.8777050932724063
463,Graduate,0.7682242185192862,0.18978325473391378,0.041992526746800006
464,Graduate,0.7975550106652728,0.12189327311501306,0.0805517162197142
465,Graduate,0.8866662925787092,0.093749809631172,0.019583897790118782
466,Graduate,0.6962240795848873,0.22620891636466123,0.07756700405045153
467,Graduate,0.8718956590748158,0.0963145926210115,0.031789748304172714
468,Graduate,0.7193109295116368,0.1778383055215782,0.10285076496678505
469,Dropout,0.042732840751033736,0.14631579059822253,0.8109513686507438
470,Enrolled,0.3231803204184533,0.4255959685452102,0.2512237110363364
471,Dropout,0.01969712403103996,0.1966793205550299,0.7836235554139301
472,Graduate,0.8294494465433274,0.0979534688058275,0.07259708465084502
473,Graduate,0.6543086016163643,0.2962084882240052,0.04948291015963049
474,Graduate,0.8701784337060687,0.09756193033508123,0.032259635958850216
475,Dropout,0.04763341074110246,0.3717731352922641,0.5805934539666335
476,Dropout,0.09872761211071378,0.08045851999871588,0.8208138678905704
477,Graduate,0.6834067946120287,0.17888527097906617,0.1377079344089052
478,Graduate,0.8880515483749235,0.0836576082673168,0.028290843357759703
479,Graduate,0.8754777421017388,0.08399205931048472,0.040530198587776387
480,Dropout,0.002042705061878232,0.004280658098584406,0.9936766368395373
481,Dropout,0.0026655401203847565,0.1745119904320717,0.8228224694475436
482,Dropout,0.0015633193914181794,0.11961997342657417,0.8788167071820077
483,Dropout,3.706340763164455e-05,0.03214990607967563,0.9678130305126927
484,Graduate,0.7911575923159453,0.14403486997283296,0.06480753771122162
485,Graduate,0.7690992073450337,0.13027621972685774,0.10062457292810853
486,Enrolled,0.3114736116610404,0.5162351370499079,0.1722912512890518
487,Graduate,0.9011870190597351,0.07125172028427706,0.02756126065598784
488,Dropout,0.11302215789445896,0.15532435566241984,0.7316534864431212
489,Graduate,0.8464944716034349,0.12243420047286173,0.031071327923703415
490,Dropout,0.21977741250163424,0.32774463784448615,0.45247794965387966
491,Graduate,0.8091463417629015,0.17134737035697836,0.01950628788012017
492,Graduate,0.6690524297885202,0.2153157706398754,0.11563179957160444
493,Graduate,0.6851616458542098,0.2280395823364156,0.08679877180937452
494,Graduate,0.794867859259076,0.13524503010284095,0.06988711063808299
495,Dropout,0.14798529307030833,0.18004956883377948,0.6719651380959121
496,Graduate,0.9359643306061839,0.04458574829545962,0.01944992109835642
497,Graduate,0.8881249897516574,0.07608416333664011,0.03579084691170264
498,Graduate,0.4282048839925254,0.407337948308668,0.16445716769880664
499,Graduate,0.9695724260739133,0.024073103433470737,0.006354470492615934
500,Dropout,0.036711560297502714,0.10689017384827433,0.856398265854223
501,Enrolled,0.0651683300400465,0.522263958018256,0.41256771194169756
502,Graduate,0.908701919174369,0.068018873435132,0.02327920739049886
503,Graduate,0.960086276675956,0.030828046263437964,0.009085677060605955
504,Dropout,0.007027531472492497,0.15276532703020418,0.8402071414973032
505,Graduate,0.7932928938336171,0.13100958720658995,0.075697518959793
506,Dropout,0.002247259277155049,0.20889103889815222,0.7888617018246926
507,Enrolled,0.30809078207979057,0.5494407013171747,0.14246851660303472
508,Graduate,0.6952066738682839,0.24839359977955505,0.056399726352161034
509,Graduate,0.8420691119864088,0.09735054971103842,0.06058033830255277
510,Graduate,0.6983524691344616,0.17671521171080254,0.12493231915473597
511,Graduate,0.7126809846027534,0.1598168424350477,0.12750217296219882
512,Graduate,0.4385842817158658,0.3532640992897522,0.20815161899438198
513,Graduate,0.864868795683708,0.09914596788653027,0.03598523642976172
514,Graduate,0.6780371562378852,0.16992228824061198,0.1520405555215028
515,Dropout,0.007674636202620367,0.24848568007855507,0.7438396837188246
516,Graduate,0.9659697363736596,0.027834550589691455,0.006195713036648782
517,Dropout,0.14873064600827987,0.2984424361226695,0.5528269178690506
518,Graduate,0.6979178678705842,0.16774226337274153,0.13433986875667428
519,Enrolled,0.43606983406624344,0.48086275708024334,0.08306740885351321
520,Graduate,0.549698896008971,0.2832487738568495,0.1670523301341794
521,Graduate,0.3825812818002271,0.2502529208723202,0.36716579732745264
522,Dropout,0.04708423746026433,0.21160062059406906,0.7413151419456665
523,Graduate,0.9340260420097362,0.04711116033872925,0.018862797651534664
524,Dropout,0.14961146472964928,0.35325532004629245,0.4971332152240583
525,Graduate,0.8905870873064942,0.06360373743430094,0.04580917525920482
526,Graduate,0.6960060314272731,0.20362808235439686,0.10036588621832997
527,Graduate,0.9270191163099814,0.06104714717572908,0.011933736514289398
528,Graduate,0.7895898567099258,0.13442304839947777,0.07598709489059641
529,Enrolled,0.13434879024704363,0.5784404511831949,0.28721075856976147
530,Graduate,0.9229671671961133,0.056483670233551504,0.020549162570335202
531,Dropout,6.92610637554461e-05,0.013771454806961878,0.9861592841292826
532,Graduate,0.6539499563951294,0.2286934100308208,0.11735663357404984
533,Graduate,0.8882237616833979,0.08487957443547445,0.026896663881127686
534,Dropout,0.012180589312285398,0.2906783988261516,0.697141011861563
535,Dropout,0.3734615061999911,0.17245304706527134,0.4540854467347376
536,Graduate,0.821418681085761,0.12052329751845069,0.058058021395788154
537,Enrolled,0.015003819763931687,0.5431637355330254,0.4418324447030427
538,Graduate,0.8963004953687781,0.07820082431862056,0.02549868031260124
539,Graduate,0.8111680958388886,0.16618069042603256,0.02265121373507884
540,Dropout,0.21448479950772106,0.17999069276430146,0.6055245077279774
541,Dropout,0.1648734145225214,0.3584327204455078,0.47669386503197086
542,Dropout,0.004070752180100943,0.009520392440218394,0.9864088553796806
543,Graduate,0.7793690923967835,0.1377572427007193,0.08287366490249704
544,Graduate,0.6617877293578442,0.23537834570123517,0.10283392494092056
545,Dropout,0.0031441853660724335,0.031890688231789706,0.9649651264021379
546,Dropout,0.007287450239415675,0.021137086215132318,0.9715754635454521
547,Graduate,0.9336842478662364,0.052967526956762975,0.013348225177000598
548,Dropout,0.00331139292968858,0.013233193886471045,0.9834554131838403
549,Dropout,9.278839598467221e-05,0.0103493421747966,0.9895578694292188
550,Graduate,0.6233853843814683,0.27885498681296933,0.0977596288055624
551,Graduate,0.8591795482016613,0.09783693628212288,0.04298351551621588
552,Graduate,0.7789953458020976,0.1492018606177007,0.07180279358020168
553,Graduate,0.881322993078533,0.08929695729837622,0.02938004962309085
554,Enrolled,0.037766109281496645,0.5181327682101562,0.44410112250834716
555,Graduate,0.9447523444659413,0.043347410944950066,0.011900244589108787
556,Graduate,0.8951569166113815,0.06035678308850857,0.044486300300109964
