row_id,predicted_label,prob_Graduate,prob_Enrolled,prob_Dropout
637,Dropout,0.0002765789294906828,0.0019108025550410228,0.9978126185154683
452,Dropout,0.00021592697176781955,0.0025743283066703856,0.9972097447215619
714,Dropout,8.134580395541843e-05,0.003918575747912728,0.996000078448132
1344,Dropout,7.933781471033192e-05,0.004509388213813426,0.9954112739714761
136,Dropout,7.434072084203046e-05,0.00500878988539389,0.994916869393764
778,Dropout,1.8190441929443554e-05,0.00537170298085395,0.9946101065772165
434,Dropout,0.00028217414801887716,0.005754995024710059,0.993962830827271
1490,Dropout,7.806988656458263e-05,0.006044407885867163,0.9938775222275683
1732,Dropout,0.0006184194658554699,0.005917840770966047,0.9934637397631785
480,Dropout,0.002136094741578255,0.004615745504784697,0.9932481597536371
1326,Dropout,8.136939995411604e-05,0.007170413355089051,0.992748217244957
1255,Dropout,0.00011024279795202041,0.007292107131352612,0.9925976500706953
651,Dropout,0.0022603913608173357,0.005593236778159069,0.9921463718610236
922,Dropout,1.4142246827905352e-05,0.008055788104622893,0.9919300696485492
161,Dropout,9.476117381467321e-05,0.008563550001683564,0.9913416888245017
1606,Dropout,4.7578308330458554e-05,0.008666868464234121,0.9912855532274354
1005,Dropout,0.0002056447255519728,0.009146573633468219,0.9906477816409799
100,Dropout,0.0013688193164196358,0.00825425898751037,0.99037692169607
430,Dropout,0.0008796314546031065,0.008828398143645753,0.9902919704017511
69,Dropout,0.00036526816719043074,0.009426363742232215,0.9902083680905773
116,Dropout,6.438482724303485e-05,0.00976516925311937,0.9901704459196375
1279,Dropout,0.00021607903763743382,0.009676897091412569,0.99010702387095
549,Dropout,9.431330431019674e-05,0.010375515118111684,0.9895301715775782
286,Dropout,8.33273741690345e-05,0.010405658030499304,0.9895110145953316
438,Dropout,5.826118474918944e-06,0.01081075011091363,0.9891834237706113
1053,Dropout,0.0024619309643738856,0.009487180474557187,0.9880508885610689
1341,Dropout,0.0004421987857043561,0.011571497605420708,0.9879863036088748
273,Dropout,0.0011731904398424502,0.010890877807331131,0.9879359317528265
940,Dropout,6.547581415306524e-05,0.012021987731204822,0.9879125364546422
1630,Dropout,0.00017681502434134286,0.011928943725510817,0.9878942412501478
119,Dropout,1.7709969157196355e-05,0.012451794246127025,0.9875304957847157
49,Dropout,0.003914667003025227,0.009008777973410742,0.9870765550235641
686,Dropout,0.0014762025988482377,0.011469004633793679,0.9870547927673581
245,Dropout,0.00013054589908279788,0.013162951766177624,0.9867065023347397
322,Dropout,0.0008947753249073929,0.012465090790957022,0.9866401338841355
858,Dropout,0.0019861618230774033,0.011564529537190935,0.9864493086397317
296,Dropout,0.0022487802922950178,0.011494528086193301,0.9862566916215115
542,Dropout,0.004118429922274172,0.0096918368567916,0.9861897332209342
1109,Dropout,0.0017539179925422919,0.012217088063810411,0.9860289939436473
1148,Dropout,0.0021747258720985693,0.011843256756614988,0.9859820173712864
414,Dropout,9.742047968268966e-06,0.014046728295178848,0.985943529656853
531,Dropout,7.185587033421001e-05,0.014066554360518313,0.9858615897691475
312,Dropout,0.00046403806638168943,0.014854309996565415,0.9846816519370528
1430,Dropout,0.00031054815766766165,0.01567401322234247,0.9840154386199899
102,Dropout,0.00011340696068241419,0.016028259225241828,0.9838583338140758
675,Dropout,6.909592899461633e-05,0.016215788064642828,0.9837151160063625
1064,Dropout,0.00011609360206145454,0.01662339481132716,0.9832605115866113
548,Dropout,0.0033347532011619822,0.013415856556183915,0.9832493902426541
723,Dropout,0.0010705591574220767,0.01603884408647131,0.9828905967561066
847,Dropout,5.143442939313991e-05,0.01740829886793843,0.9825402667026685
915,Dropout,0.0007325909193113376,0.016786433563073834,0.9824809755176148
752,Dropout,6.322678082233689e-05,0.017580263999221902,0.9823565092199558
118,Dropout,8.329194335824359e-06,0.017745225270925667,0.9822464455347384
262,Dropout,0.000530119223603714,0.01772144720545563,0.9817484335709407
1595,Dropout,0.00017728271010960687,0.018576429759097374,0.9812462875307931
1398,Dropout,0.00012005131166284125,0.01873394864304428,0.9811460000452928
1365,Dropout,1.714945160983879e-05,0.01924466023748774,0.9807381903109025
946,Dropout,6.916653352289788e-05,0.0194383039950688,0.9804925294714084
806,Dropout,0.0010776047161277476,0.01853249672026406,0.9803898985636083
586,Dropout,0.0028828851345836528,0.01682121308242152,0.9802959017829949
455,Dropout,0.0014283743372059086,0.01841758929614688,0.9801540363666471
330,Dropout,9.719435081537345e-05,0.019769767485586686,0.9801330381635979
1761,Dropout,0.00422515144333842,0.015731639338574133,0.9800432092180875
282,Dropout,8.931613496174195e-05,0.02000798008307122,0.9799027037819671
248,Dropout,0.00016717748817766197,0.01996269659175602,0.9798701259200663
1268,Dropout,0.003153682958233603,0.017179025810704192,0.9796672912310622
561,Dropout,0.00011731067472618377,0.020315752856199524,0.9795669364690743
1066,Dropout,0.00399051393564738,0.01682323606727458,0.979186249997078
581,Dropout,0.00034272406976146514,0.020538853121321685,0.9791184228089167
591,Dropout,8.920096103548658e-06,0.021082984820625598,0.9789080950832709
823,Dropout,0.0004468109870134163,0.02091291691496741,0.9786402720980191
574,Dropout,0.0009303158360057288,0.02056833025926267,0.9785013539047316
1125,Dropout,0.00015065957677020647,0.022640154485562437,0.9772091859376674
1547,Dropout,0.00031678059077860774,0.022568902326117527,0.9771143170831039
180,Dropout,0.00013629767513511254,0.022960469659204275,0.9769032326656607
208,Dropout,0.00025638407479255433,0.023997203032818007,0.9757464128923895
1444,Dropout,0.0016307338541289395,0.022771934085776133,0.975597332060095
1191,Dropout,0.00011573609909615247,0.024393505554732027,0.9754907583461718
318,Dropout,0.000660548960588892,0.024865458805746563,0.9744739922336646
1766,Dropout,0.0002011167937632844,0.025753489365216247,0.9740453938410205
1131,Dropout,9.936780360803565e-05,0.026221211729426513,0.9736794204669654
68,Dropout,0.003150187283325732,0.02387445850833941,0.9729753542083348
1112,Dropout,0.002961225886911409,0.024226116900961076,0.9728126572121276
622,Dropout,0.0001587791847315997,0.02713013580560961,0.9727110850096586
780,Dropout,0.0008685616674274423,0.026965565950312576,0.9721658723822599
238,Dropout,0.004749798248088662,0.02372722331357478,0.9715229784383365
546,Dropout,0.007410567372218629,0.021459404955471495,0.9711300276723098
268,Dropout,7.490408934411136e-05,0.029584624815449673,0.9703404710952063
271,Dropout,6.128921398544055e-05,0.03012522112659116,0.9698134896594234
359,Dropout,3.5685669685182506e-05,0.030263811039516246,0.9697005032907985
1705,Dropout,7.65783048183187e-05,0.030493255120638912,0.9694301665745428
620,Dropout,0.00012126503807827374,0.03048086035563525,0.9693978746062865
848,Dropout,0.00013259501060995738,0.03054522958293318,0.9693221754064568
1654,Dropout,0.0041402486058264515,0.027136332797938114,0.9687234185962355
590,Dropout,0.0007331432870802957,0.03077360216540706,0.9684932545475126
458,Dropout,0.007564234819226428,0.024659618541383568,0.9677761466393899
483,Dropout,3.797845850812855e-05,0.03228950416559206,0.9676725173758998
1571,Dropout,0.0003709671928395034,0.03258947323534565,0.9670395595718149
242,Dropout,0.0063318677883033156,0.02668681022398638,0.9669813219877104
1208,Dropout,0.00027448052742134744,0.032767660723271835,0.9669578587493068
1656,Dropout,0.007638223027770595,0.025645487277462187,0.9667162896947672
643,Dropout,0.0005549586562642049,0.0332154447214962,0.9662295966222395
545,Dropout,0.003132845253644942,0.03101046372203968,0.9658566910243154
1701,Dropout,0.00018047615555321966,0.035685846347457285,0.9641336774969896
648,Dropout,0.0029024980354197868,0.033055904437293566,0.9640415975272866
35,Dropout,0.008612163385216889,0.028581541490158145,0.962806295124625
664,Dropout,0.003826177255659192,0.03367819641221677,0.9624956263321239
1314,Dropout,7.650620175866147e-05,0.038072467663975124,0.9618510261342662
1736,Dropout,9.76641528996391e-05,0.038511886881223506,0.961390448965877
901,Dropout,0.000256037513248977,0.038856896161434486,0.9608870663253166
1297,Dropout,0.004664982989942928,0.034509382774006205,0.9608256342360508
663,Dropout,0.000636921824605721,0.04063608101475239,0.9587269971606419
1075,Dropout,0.00391036977124338,0.038047505668095394,0.9580421245606612
614,Dropout,0.0008036269282358545,0.04181650157409933,0.9573798714976648
1022,Dropout,0.007720862619206617,0.035175488027237294,0.9571036493535561
70,Dropout,1.7617811806897968e-05,0.043350058260983454,0.9566323239272096
1397,Dropout,0.005109517169893244,0.03830386781614009,0.9565866150139666
367,Dropout,0.0001028598379611768,0.04482475418195806,0.9550723859800808
111,Dropout,0.029304657337431095,0.01607053066521908,0.9546248119973499
1373,Dropout,5.527509285860162e-05,0.04581568000878321,0.9541290448983583
855,Dropout,7.824457694671084e-05,0.04603650686416559,0.9538852485588876
1635,Dropout,0.001673175603350278,0.044567122166971,0.9537597022296787
128,Dropout,0.00023432091755175337,0.04642389493285566,0.9533417841495927
704,Dropout,0.004921476020031508,0.042205370395109826,0.9528731535848586
834,Dropout,1.4035220123220438e-05,0.047179631260208,0.9528063335196689
235,Dropout,0.0008058122091222782,0.049345441014514324,0.9498487467763633
399,Dropout,0.0002581608689147234,0.05144328208244219,0.9482985570486431
1093,Dropout,0.004377261950576524,0.048384461030704345,0.947238277018719
888,Dropout,0.001204992863886766,0.05272144654272903,0.9460735605933842
592,Dropout,0.033612390986818834,0.020782053781975264,0.9456055552312058
979,Dropout,0.00026709676269217144,0.056759019908394014,0.9429738833289139
865,Dropout,0.007274368806149049,0.050851073349509154,0.9418745578443418
742,Dropout,0.016606598965823425,0.042968847712978174,0.9404245533211985
366,Dropout,0.0040224499299247275,0.056191425719876,0.9397861243501993
732,Dropout,0.005197898014755031,0.05514807732725393,0.939654024657991
958,Dropout,8.47915498752875e-05,0.06095177329167016,0.9389634351584545
599,Dropout,0.0010737901174216853,0.06004987556802438,0.938876334314554
460,Dropout,0.01646614332010872,0.04572871546734241,0.9378051412125488
1232,Dropout,0.012570765960362306,0.04967879171369783,0.9377504423259398
380,Dropout,0.00021765950037519967,0.0628861698876887,0.9368961706119362
461,Dropout,0.00039713169754871275,0.06382632446117567,0.9357765438412756
123,Dropout,2.4936920142517847e-05,0.06463697450403152,0.935338088575826
1019,Dropout,0.0018672432453329124,0.0650258455534452,0.9331069112012219
929,Dropout,0.019008976520071188,0.05137149570102275,0.9296195277789061
155,Dropout,5.7929372457600075e-05,0.0726913566516165,0.927250713975926
1729,Dropout,0.013091846455230986,0.05997333499584071,0.9269348185489282
1645,Dropout,0.00035648863799092617,0.0732476445803329,0.9263958667816761
1275,Dropout,0.0001801193980047177,0.07367004486313636,0.926149835738859
1201,Dropout,0.0015606661683404586,0.07413684114395418,0.9243024926877054
1271,Dropout,0.0050234833462255045,0.07170813617875599,0.9232683804750185
1174,Dropout,0.0027285393966224774,0.07426289837341653,0.923008562229961
671,Dropout,0.03608639717224021,0.04376879422672919,0.9201448086010305
394,Dropout,0.028550627594279933,0.054722045976813946,0.9167273264289062
393,Dropout,0.00457707693056335,0.08310894565599014,0.9123139774134466
1495,Dropout,0.005514931277430456,0.0826333693412655,0.9118516993813041
883,Dropout,0.003678063974683814,0.08650226852337656,0.9098196675019395
389,Dropout,0.05712320348929873,0.03312591080968447,0.9097508857010168
684,Dropout,0.0022549620260405826,0.0888207159052142,0.9089243220687452
60,Dropout,0.04196031340217357,0.05038613964406426,0.9076535469537621
1510,Dropout,0.0017563428374890036,0.09244773226041494,0.905795924902096
1105,Dropout,0.0468631240678884,0.04859754523915074,0.904539330692961
1666,Dropout,0.010707862789500958,0.08478217545138424,0.9045099617591148
1009,Dropout,0.00245150796351658,0.09410520929072562,0.9034432827457578
1570,Dropout,0.0015630576556952668,0.09727651092027427,0.9011604314240305
882,Dropout,0.0009867254500353284,0.09813285747643768,0.900880417073527
938,Dropout,0.006370098666356256,0.09452957274670916,0.8991003285869346
1073,Dropout,0.0005366225573597764,0.1022159836528379,0.8972473937898023
594,Dropout,0.0011898321045751919,0.10182377248416419,0.8969863954112607
32,Dropout,0.005793114799683624,0.09766443352129192,0.8965424516790244
596,Dropout,0.012079992043275735,0.09335810899621927,0.8945618989605051
46,Dropout,0.0005726636394586482,0.10560019385421238,0.893827142506329
1668,Dropout,0.0011327875585125313,0.10532089337434056,0.893546319067147
1386,Dropout,0.003250515820181518,0.10371129676692557,0.8930381874128928
575,Dropout,0.003719209393125194,0.10394869093445049,0.8923320996724244
948,Dropout,0.00629953802722774,0.10166876369381994,0.8920316982789523
231,Dropout,0.06077594092762912,0.047598897339918476,0.8916251617324524
371,Dropout,0.005963033339333164,0.10270655911438807,0.8913304075462788
610,Dropout,0.08738080746620945,0.02166620858914045,0.8909529839446501
1646,Dropout,0.0008382302662357998,0.10940543503773291,0.8897563346960313
227,Dropout,0.01167983843926889,0.09890459082063494,0.8894155707400963
952,Dropout,0.007328981534442463,0.10360502994304929,0.8890659885225083
1611,Dropout,0.008973865745330375,0.10271825797264546,0.8883078762820242
662,Dropout,0.002399607066422092,0.10943592349360229,0.8881644694399756
1218,Dropout,0.06357290478282349,0.04937696401443753,0.887050131202739
820,Dropout,3.874297513823972e-05,0.11413677277173448,0.8858244842531273
1194,Dropout,0.0054104877616796936,0.11019954159742168,0.8843899706408986
410,Dropout,0.0006998366222328401,0.11508607967171051,0.8842140837060567
99,Dropout,0.07650428017905521,0.04086832484410138,0.8826273949768435
1163,Dropout,0.014156269627659283,0.10364303662627872,0.8822006937460621
195,Dropout,0.005223673751139528,0.1147948329865027,0.8799814932623579
375,Dropout,0.005509164083793988,0.11505667638946762,0.8794341595267383
1680,Dropout,0.01269367308008146,0.1093302954143288,0.8779760315055898
1024,Dropout,0.0012791269158389713,0.12130309677269997,0.877417776311461
482,Dropout,0.0016136864816859696,0.1223152657947494,0.8760710477235647
462,Dropout,0.0002601703692302071,0.12402281012737779,0.875717019503392
350,Dropout,0.00378142188838123,0.12076096125796949,0.8754576168536493
886,Dropout,0.019917433120622267,0.10587251928357157,0.8742100475958062
1509,Dropout,0.038596450186496226,0.09091113741264248,0.8704924124008613
1415,Dropout,0.004560710696603383,0.12632982684014776,0.8691094624632488
1550,Dropout,0.0010188920482847937,0.13142930154704266,0.8675518064046724
1594,Dropout,0.04749435125024557,0.08565921224179138,0.866846436507963
871,Dropout,0.060807151957566745,0.07383000904777841,0.8653628389946548
1182,Dropout,0.0036192353143197587,0.13168834667293158,0.8646924180127487
1332,Dropout,0.005727508299857812,0.13037856420055374,0.8638939274995884
912,Dropout,0.0027414344664204787,0.13341151157362596,0.8638470539599535
1103,Dropout,0.019101903134962083,0.11796501665124454,0.8629330802137933
1675,Dropout,0.001985885129909852,0.1352913843711074,0.8627227304989827
1575,Dropout,0.0031733081153092067,0.13548790150653017,0.8613387903781605
1141,Dropout,0.01800591774607715,0.12081500934356956,0.8611790729103533
602,Dropout,0.007278742463568088,0.13514168755207812,0.8575795699843538
562,Dropout,0.001280443322858352,0.14160537425674086,0.8571141824204008
255,Dropout,0.003935407909977354,0.1392964890625282,0.8567681030274944
1765,Dropout,0.014284946929919185,0.12957518515006208,0.8561398679200187
500,Dropout,0.03624442930855216,0.10807869217309218,0.8556768785183557
904,Dropout,0.08540739931724202,0.0590172668398999,0.8555753338428581
1569,Dropout,0.03602053170984646,0.10841706945157374,0.8555623988385799
1708,Dropout,0.029221928581932448,0.11531254767392048,0.8554655237441471
397,Dropout,0.00024378647896150063,0.14563296495364225,0.8541232485673962
1417,Dropout,0.0009270470737331635,0.14544095777550006,0.8536319951507667
1472,Dropout,0.008438656033427376,0.1390085766310602,0.8525527673355123
1638,Dropout,0.014999533120835807,0.13294452955062083,0.8520559373285433
1690,Dropout,0.008839073752657103,0.14010891572961537,0.8510520105177274
233,Dropout,0.005439841989518256,0.1444841677653455,0.8500759902451361
14,Dropout,0.03483102115237702,0.11731730278065566,0.8478516760669673
1315,Dropout,0.00568640803257614,0.14885537402627688,0.845458217941147
935,Dropout,0.0007790824474422646,0.1584935673198379,0.8407273502327199
1658,Dropout,0.010435532986780701,0.14910769943310573,0.8404567675801136
758,Dropout,0.01739704897321561,0.1432648662149575,0.8393380848118269
1203,Dropout,0.013159897479987043,0.14756192078366506,0.8392781817363478
836,Dropout,0.09868919189962734,0.06220100861452229,0.8391097994858504
504,Dropout,0.007047192687778124,0.1546725910251285,0.8382802162870933
1318,Dropout,0.014651747288500676,0.14768521193401402,0.8376630407774853
314,Dropout,0.05863787649345374,0.1052831969549265,0.8360789265516197
1522,Dropout,0.0034181742240123997,0.16347504058658752,0.8331067851894001
385,Dropout,0.014407872318285848,0.15559391999926434,0.8299982076824499
1339,Dropout,0.003919059584436321,0.1661176269736729,0.8299633134418908
914,Dropout,0.010278461435713895,0.16029451058432903,0.8294270279799572
31,Dropout,0.021852251181951936,0.14924152691836412,0.8289062218996839
1607,Dropout,0.09619219153643171,0.07540546941469463,0.8284023390488737
1419,Dropout,0.0921322814620603,0.08165237374961432,0.8262153447883255
310,Dropout,0.009790649601742106,0.1640919080283136,0.8261174423699442
1432,Dropout,0.006192989147969223,0.16844602542919954,0.8253609854228313
476,Dropout,0.09780011907101688,0.07803257146840077,0.8241673094605824
1,Dropout,0.016472821601246548,0.15962012384772142,0.8239070545510321
1559,Dropout,0.003146819525767826,0.17334700487122587,0.8235061756030063
1166,Dropout,0.08417399146971379,0.09283578850735293,0.8229902200229333
872,Dropout,0.06933581194336938,0.10865574429144072,0.82200844376519
1211,Dropout,0.0017829075243365588,0.17677571861502842,0.821441373860635
481,Dropout,0.002688635483960258,0.17746261846418776,0.819848746051852
779,Dropout,0.019694425000717535,0.16100002997581975,0.8193055450234626
963,Dropout,0.13367325276877712,0.047702618802032505,0.8186241284291903
78,Dropout,0.011116468045041086,0.17299448241862792,0.815889049536331
890,Dropout,0.023995155925494324,0.16063864940545367,0.8153661946690521
150,Dropout,0.10581507830661666,0.07970545203509681,0.8144794696582864
894,Dropout,0.10870118745776651,0.07718516348558217,0.8141136490566513
838,Dropout,0.09618100549816286,0.09026528328324122,0.813553711218596
632,Dropout,0.0931747778434139,0.09464363949563014,0.8121815826609559
1225,Dropout,0.011613792975633384,0.17629195921273408,0.8120942478116325
1366,Dropout,0.02884511537986198,0.16013872236641327,0.8110161622537247
1000,Dropout,0.012968655209405103,0.176257200901766,0.810774143888829
1513,Dropout,0.010042640553345465,0.17991725546514142,0.8100401039815132
959,Dropout,0.10712985867258766,0.08326480646116137,0.809605334866251
949,Dropout,0.008788018320637298,0.18206801718664573,0.8091439644927171
353,Dropout,0.10239613820165638,0.08861276073305062,0.808991101065293
1359,Dropout,0.008990550912037697,0.18233056050342197,0.8086788885845404
1441,Dropout,0.00801157612491069,0.18363278101196281,0.8083556428631264
469,Dropout,0.04418000903401485,0.14856033174730346,0.8072596592186816
1346,Dropout,0.011265443792559868,0.18276166183522968,0.8059728943722104
608,Dropout,0.09845722233450299,0.09580920868775893,0.8057335689777381
27,Dropout,0.11339137783189504,0.0812220756548906,0.8053865465132144
1335,Dropout,0.012112219436355293,0.1826406441843477,0.805247136379297
215,Dropout,0.006590232070521222,0.18829554251220965,0.8051142254172692
1349,Dropout,0.021229877431244933,0.1743260950432134,0.8044440275255417
1734,Dropout,0.0817965561230397,0.11538712847607818,0.802816315400882
1649,Dropout,0.11241027012076926,0.08548589743262747,0.8021038324466032
1028,Dropout,0.0016199754048752985,0.19686197086525084,0.8015180537298738
653,Dropout,0.12809109542820285,0.07174187502115745,0.8001670295506398
1540,Dropout,0.118050693829284,0.08193384523044607,0.80001546094027
579,Dropout,0.0826444159496617,0.11850827930268426,0.798847304747654
418,Dropout,0.07466544454321733,0.1266041520257047,0.7987304034310779
1612,Dropout,0.07289478848095818,0.12939057933854517,0.7977146321804967
1144,Dropout,0.10579123325844245,0.09716550221528193,0.7970432645262756
1202,Dropout,0.006440380023958048,0.19678100863421,0.796778611341832
1551,Dropout,0.014907306331931307,0.18962769969172996,0.7954649939763387
928,Dropout,0.03987226684527341,0.16583658122460873,0.7942911519301179
1250,Dropout,0.05203269708797064,0.1544565426065089,0.7935107603055205
1393,Dropout,0.09476203384771505,0.11293321823848573,0.7923047479137992
825,Dropout,0.1290080954404889,0.07879243673252118,0.7921994678269898
207,Dropout,0.04374707827330551,0.16584908314615318,0.7904038385805414
1007,Dropout,0.0025818899198170268,0.2074265731058785,0.7899915369743046
772,Dropout,0.0020209882269787527,0.20804140577000305,0.7899376060030183
771,Dropout,0.004780639176257261,0.20630552415206904,0.7889138366716737
1246,Dropout,0.004981206058780764,0.20618338596077848,0.7888354079804408
1527,Dropout,0.060746225309939,0.15096873285048007,0.7882850418395808
216,Dropout,0.006413134202466965,0.2055386470458192,0.7880482187517138
1423,Dropout,0.01597606925138124,0.19920322782330696,0.7848207029253117
1525,Dropout,0.00591764163068115,0.20974516445239932,0.7843371939169195
141,Dropout,0.09060426866913998,0.12534874773603488,0.7840469835948253
147,Dropout,0.1099783088031234,0.10638141257345313,0.7836402786234234
471,Dropout,0.019624987507612487,0.19710820410913868,0.7832668083832489
765,Dropout,0.0071716339189102475,0.2096697354317995,0.7831586306492903
1172,Dropout,0.08971473811408577,0.12883077801637438,0.7814544838695399
506,Dropout,0.0022536942903720837,0.21667615973653698,0.7810701459730909
972,Dropout,0.009883351165870639,0.20960388749950584,0.7805127613346236
1514,Dropout,0.13242390235961463,0.08936096847232343,0.778215129168062
332,Dropout,0.12337713926068096,0.09858574269027122,0.7780371180490478
786,Dropout,0.10482369453738569,0.11804237351712392,0.7771339319454904
191,Dropout,0.13886664158061257,0.08424352494836047,0.7768898334710268
784,Dropout,0.02262002836123908,0.20113391004255315,0.7762460615962079
431,Dropout,0.09632698744143356,0.1280264718705853,0.7756465406879812
722,Dropout,0.03917176223937819,0.18536019957621802,0.7754680381844037
1274,Dropout,0.0039358813686933385,0.2247021374913909,0.7713619811399158
1152,Dropout,0.03811762740871985,0.19220205337820548,0.7696803192130747
1616,Dropout,0.011081432154634396,0.2196591672440978,0.7692594006012679
854,Dropout,0.03089005962599748,0.20132692013412337,0.7677830202398792
1489,Dropout,0.00032594708201914683,0.23218775389740973,0.7674862990205712
1500,Dropout,0.001069225299255117,0.23156752738205144,0.7673632473186934
1067,Dropout,0.0007371738321699506,0.23256951331840583,0.7666933128494241
689,Dropout,0.023624821546037268,0.21055315684271303,0.7658220216112498
875,Dropout,0.023878796622395154,0.2116108563269936,0.7645103470506113
405,Dropout,0.004559870017781398,0.23282020888304983,0.7626199210991687
343,Dropout,0.021509928893272693,0.21591528413542943,0.7625747869712979
895,Dropout,0.016708314394968796,0.220849075425835,0.7624426101791962
1512,Dropout,0.14540364610782713,0.09255106852722143,0.7620452853649514
1061,Dropout,0.16265341254153964,0.07557590843558418,0.7617706790228761
748,Dropout,0.14954295487857053,0.08915078496721025,0.7613062601542192
364,Dropout,0.11175080731218845,0.12779116898662185,0.7604580237011896
1229,Dropout,0.16003389117950664,0.08001797022559883,0.7599481385948945
1506,Dropout,0.01104809173373051,0.22941740704645902,0.7595345012198104
1151,Dropout,0.09103590626809183,0.14981701729284153,0.7591470764390666
811,Dropout,0.024954879139205337,0.21597187836014736,0.7590732425006472
284,Dropout,0.1361424893955573,0.10508325177849112,0.7587742588259516
1481,Dropout,0.11695314609439167,0.12492084188204608,0.7581260120235623
326,Dropout,0.01166122104211603,0.23070075892236597,0.7576380200355181
992,Dropout,0.13195498866767055,0.11087048366381534,0.757174527668514
285,Dropout,0.1271811666773371,0.1156490302330728,0.75716980308959
1567,Dropout,0.08003375980631731,0.16308386347650053,0.7568823767171821
1579,Dropout,0.029331921865244213,0.21438477486583093,0.7562833032689249
1533,Dropout,0.007074384815310612,0.23731543404003602,0.7556101811446534
1096,Dropout,0.004675688273058748,0.24041145275344752,0.7549128589734937
1709,Dropout,0.12547705802260606,0.1197482039404647,0.7547747380369293
294,Dropout,0.04679532829089332,0.19859365064119375,0.7546110210679128
1227,Dropout,0.004995247561093931,0.2407533139627791,0.754251438476127
943,Dropout,0.013098174312427577,0.23461339746968113,0.7522884282178912
583,Dropout,0.01942577741350327,0.22967151714882167,0.7509027054376751
804,Dropout,0.017557971680769686,0.23171386136867936,0.750728166950551
636,Dropout,0.1355704895148364,0.11419121471427494,0.7502382957708886
812,Dropout,0.10071687211997436,0.15104878831850652,0.7482343395615191
1670,Dropout,0.1825977108288911,0.0701483510128556,0.7472539381582533
42,Dropout,0.11716058823267467,0.13572023213287732,0.7471191796344481
1035,Dropout,0.1166944360035479,0.1363764545978619,0.7469291093985901
1234,Dropout,0.15892517439569237,0.09472243961323294,0.7463523859910747
307,Dropout,0.01753168922178449,0.23729186235267963,0.7451764484255359
705,Dropout,0.12760631645708478,0.12901225841623237,0.7433814251266828
715,Dropout,0.14821730760017987,0.10925914277593904,0.7425235496238811
1376,Dropout,0.07772123513426805,0.17984818001623287,0.7424305848494991
515,Dropout,0.007826973956184665,0.25175056411205404,0.7404224619317612
1434,Dropout,0.16130979397769965,0.09885589874778819,0.7398343072745122
357,Dropout,0.0015575123404401772,0.2588280291168178,0.739614458542742
1100,Dropout,0.1136895093525913,0.1476065753878713,0.7387039152595374
1724,Dropout,0.11413015841832454,0.14737265101192096,0.7384971905697544
260,Dropout,0.03514146768239123,0.22644140245719674,0.738417129860412
841,Dropout,0.07224621700023638,0.18949538421222484,0.7382583987875387
522,Dropout,0.047299929578204336,0.21665459900106626,0.7360454714207295
1389,Dropout,0.19808211479030804,0.0662125208259746,0.7357053643837173
706,Dropout,0.1356847361844404,0.128707735702076,0.7356075281134836
488,Dropout,0.11276760205723349,0.1537848173148428,0.7334475806279238
106,Dropout,0.005316821770302672,0.26257636974250476,0.7321068084871926
749,Dropout,0.1657692105956604,0.1035686990484331,0.7306620903559065
1528,Dropout,0.16363367988434602,0.10595650026548246,0.7304098198501716
269,Dropout,0.001652766343726394,0.2691008797194949,0.7292463539367787
728,Dropout,0.1489564788303936,0.12205612106971103,0.7289874000998954
1023,Dropout,0.16643700129282524,0.10468329654393253,0.7288797021632423
1484,Dropout,0.009164343584794564,0.2622720039410893,0.728563652474116
997,Dropout,0.0007696245412218556,0.2707297285846297,0.7285006468741484
1161,Dropout,0.02274977186249312,0.24980460884658492,0.7274456192909219
977,Dropout,0.008599459287317687,0.2640126019135385,0.7273879387991438
727,Dropout,0.16397764557319805,0.10993815262398907,0.7260842018028129
110,Dropout,0.15214003281348004,0.12200859842321404,0.7258513687633059
698,Dropout,0.17757908627009178,0.09751618753208459,0.7249047261978238
1536,Dropout,0.1547929736911176,0.12102504640747734,0.7241819799014051
558,Dropout,0.0931951898375447,0.18289677870379134,0.7239080314586639
1502,Dropout,0.0015975202038663555,0.27626487655187343,0.7221376032442601
1140,Dropout,0.17674934099148595,0.10148093239723191,0.721769726611282
1684,Dropout,0.008352324925399581,0.2705342301282099,0.7211134449463905
1095,Dropout,0.15343718090020483,0.12670292651153675,0.7198598925882583
885,Dropout,0.049836091054664716,0.23105641590021128,0.719107493045124
802,Dropout,0.09144746452328228,0.18958212195616117,0.7189704135205566
1014,Dropout,0.08502693048515268,0.197554038090727,0.7174190314241202
640,Dropout,0.0018623534167950676,0.28077390144367265,0.7173637451395323
1325,Dropout,0.15917408599701646,0.12408632331035925,0.7167395906926243
1038,Dropout,0.1607462898441857,0.12356068884844502,0.7156930213073692
1266,Dropout,0.0016732312663041927,0.2833909478957966,0.7149358208378993
1697,Dropout,0.002842645220451992,0.28321920419112706,0.713938150588421
344,Dropout,0.1685718883705106,0.11786692453195259,0.7135611870975368
1375,Dropout,0.0554273407432108,0.23122895699101084,0.7133437022657784
1555,Dropout,0.003627246586347112,0.283581725481141,0.7127910279325118
1652,Dropout,0.16131947373049155,0.1271456618804481,0.7115348643890604
947,Dropout,0.13556656246489143,0.1543939680708925,0.710039469464216
1037,Dropout,0.0008240428550946789,0.29267667131274283,0.7064992858321625
433,Dropout,0.18416435023498137,0.11178205077137199,0.7040535989936467
336,Dropout,0.07264540618367699,0.2235331506033678,0.7038214432129553
1186,Dropout,0.14209870481689565,0.15516334366697168,0.7027379515161327
1714,Dropout,0.1809561747650244,0.11655352956923695,0.7024902956657387
3,Dropout,0.1688606671494696,0.12921731858993202,0.7019220142605984
844,Dropout,0.1928451923794189,0.10694818254176239,0.7002066250788186
534,Dropout,0.012159501472703801,0.29039286845520784,0.6974476300720884
874,Dropout,0.18702180244604333,0.11574204320917302,0.6972361543447836
67,Dropout,0.17519506117458397,0.1277950599143344,0.6970098789110816
801,Dropout,0.1814052998446419,0.12165518170093248,0.6969395184544256
88,Dropout,0.016833482248213846,0.28707608228011994,0.6960904354716662
642,Dropout,0.029652650029904904,0.27463068612327873,0.6957166638468163
944,Dropout,0.019249074713706377,0.28639053136317405,0.6943603939231197
48,Dropout,0.18131376695553056,0.1247426141101598,0.6939436189343096
1329,Dropout,0.21705902743323852,0.09308747956208713,0.6898534930046744
570,Dropout,0.0023957978899467034,0.3089651143095947,0.6886390878004586
985,Dropout,0.13237774327299007,0.18040579174933644,0.6872164649776735
1251,Dropout,0.18189053711462347,0.13188065273198718,0.6862288101533894
1160,Dropout,0.21601263474531537,0.09804766580397976,0.6859396994507049
356,Dropout,0.022182332060404267,0.2932372790711842,0.6845803888684115
402,Dropout,0.1867674185789481,0.1313778585039124,0.6818547229171396
1477,Dropout,0.1420904891951828,0.1771967144242592,0.6807127963805579
1042,Dropout,0.06692575812494918,0.2542647342309391,0.6788095076441117
1462,Dropout,0.21313135418183282,0.10977013557412638,0.6770985102440409
125,Dropout,0.10287171727837388,0.22099820188208574,0.6761300808395405
1424,Dropout,0.028954206998912095,0.2958974537218191,0.6751483392792688
1355,Dropout,0.0014787235688860031,0.32549510990160185,0.6730261665295121
1399,Dropout,0.19965887369196178,0.12737550837768194,0.6729656179303563
757,Dropout,0.0016325938027283995,0.3255636343190917,0.6728037718781799
1196,Dropout,0.1205122427883353,0.2070228076495543,0.6724649495621103
162,Dropout,0.015224642422590745,0.31285505102411526,0.6719203065532939
198,Dropout,0.007798253480934652,0.3207042852038843,0.6714974613151811
1076,Dropout,0.1896769822879715,0.13967193020489957,0.6706510875071289
1433,Dropout,0.06908004233952816,0.26094957564479465,0.6699703820156772
1454,Dropout,0.18308216872328645,0.14746889963343116,0.6694489316432825
711,Dropout,0.1731898244003144,0.15928182378614353,0.6675283518135421
1370,Dropout,0.20058951238542105,0.13398388587960244,0.6654266017349765
1207,Dropout,0.05213497985753208,0.2824958381105082,0.6653691820319597
411,Dropout,0.022131811945669565,0.3125330483591193,0.6653351396952112
957,Dropout,0.0036158431491775324,0.3311432061961848,0.6652409506546376
1263,Dropout,0.03709550611583324,0.29807666279071066,0.664827831093456
808,Dropout,0.1465408590801385,0.1890236580903413,0.6644354828295201
104,Dropout,0.013843620438826485,0.3218819541566381,0.6642744254045354
495,Dropout,0.15277943967881613,0.1838623035443435,0.6633582567768405
1259,Dropout,0.007288450265271736,0.3322335588248237,0.6604779909099044
645,Dropout,0.10810891603517886,0.23213044745907427,0.6597606365057469
1178,Dropout,0.23282777490763829,0.108206179874886,0.6589660452174758
236,Dropout,0.1624054698821054,0.18006993050046016,0.6575245996174345
1142,Dropout,0.2570641555657436,0.0871573852517464,0.65577845918251
1351,Dropout,0.22062953677982516,0.12399032118658898,0.6553801420335859
1049,Dropout,0.1910715546059922,0.15381115752482857,0.6551172878691792
633,Dropout,0.009175469547365466,0.33602273564325436,0.6548017948093803
1360,Dropout,0.007372969935811305,0.3412787585435669,0.6513482715206218
1562,Dropout,0.0037798795298914045,0.3475305039909293,0.6486896164791793
1752,Dropout,0.0025611321457424587,0.35043622385103523,0.6470026440032223
278,Dropout,0.21913313866975997,0.13534358796148913,0.6455232733687508
846,Dropout,0.14817108226794254,0.21007802329656663,0.6417508944354907
1114,Dropout,0.0059583230606598,0.35270559137984636,0.6413360855594938
306,Dropout,0.22620808091629058,0.1365878287290922,0.6372040903546172
761,Dropout,0.26327573940843935,0.10073097725223007,0.6359932833393306
164,Dropout,0.03777402491734709,0.32761369622261727,0.6346122788600357
1749,Dropout,0.05608976108096864,0.310759202101339,0.6331510368176924
362,Dropout,0.1667677588273821,0.20122896450398342,0.6320032766686344
363,Dropout,0.20176389565108377,0.16671071118444353,0.6315253931644728
1403,Dropout,0.276991762396192,0.09283458384037548,0.6301736537634326
572,Dropout,0.0685603964495809,0.3032004047784538,0.6282391987719653
1017,Dropout,0.001547532393372235,0.3705888786289715,0.6278635889776563
422,Dropout,0.010734765635396396,0.3614069862418146,0.6278582481227891
386,Dropout,0.1648779581413285,0.2095011291100409,0.6256209127486306
152,Dropout,0.025650766258033586,0.3523661950985371,0.6219830386434292
175,Dropout,0.006341509920821831,0.37389602848726866,0.6197624615919095
540,Dropout,0.21053454787457612,0.1717786055753507,0.6176868465500732
646,Dropout,0.03918023853230448,0.34315294515487244,0.617666816312823
1499,Dropout,0.07221937537576616,0.3156342702318685,0.6121463543923653
1139,Dropout,0.07807127578374455,0.31111759411862605,0.6108111300976293
737,Dropout,0.06978676650836782,0.3210743836880004,0.6091388498036318
1511,Dropout,0.06327436766064047,0.3289815600650454,0.6077440722743142
289,Dropout,0.2681589747869983,0.12656061791078488,0.6052804073022168
856,Dropout,0.25590098557351765,0.13976544015809833,0.6043335742683841
1631,Dropout,0.033994489885496235,0.3628342622639716,0.6031712478505321
1488,Dropout,0.2089767901972566,0.1879786383272341,0.6030445714755093
1741,Dropout,0.004643965395206714,0.3953763167910829,0.5999797178137104
1083,Dropout,0.25117583117809245,0.15105144905102288,0.5977727197708846
475,Dropout,0.04695741645417086,0.35909882589438813,0.593943757651441
1608,Dropout,0.1081421432008124,0.29904165134533967,0.592816205453848
190,Dropout,0.09522023046283676,0.312386451640581,0.5923933178965822
1501,Dropout,0.037279259874106796,0.3703667947960968,0.5923539453297963
1289,Dropout,0.002882870620616325,0.4054305187938353,0.5916866105855485
1428,Dropout,0.2714392067449953,0.13860178831019496,0.5899590049448098
1169,Dropout,0.2700674173784538,0.1409399264030425,0.5889926562185037
1662,Dropout,0.31049607221739634,0.10374185433596061,0.585762073446643
1557,Dropout,0.22893242548396428,0.18561690301326744,0.5854506715027683
1747,Dropout,0.27496296988762275,0.1407837598110254,0.5842532703013519
291,Dropout,0.18311158953828893,0.23443327813178247,0.5824551323299286
193,Dropout,0.2001119509478045,0.21773754842939652,0.582150500622799
827,Dropout,0.2562674347624498,0.16198063430686563,0.5817519309306847
259,Dropout,0.004678781461138611,0.4171374102734604,0.578183808265401
1210,Dropout,0.2786248194272824,0.1434306939402816,0.577944486632436
1565,Dropout,0.011038539609754138,0.4201227790313612,0.5688386813588846
945,Dropout,0.02084099308607199,0.41036982441272235,0.5687891825012057
209,Dropout,0.015926384856929817,0.4153159099696819,0.5687577051733884
1623,Dropout,0.003646704868919183,0.4294978940977168,0.566855401033364
1134,Dropout,0.2391271266767782,0.19419695751129226,0.5666759158119296
1025,Dropout,0.2908710192257422,0.14307412006489842,0.5660548607093594
228,Dropout,0.2632350048642625,0.17226094038807377,0.5645040547476637
760,Dropout,0.3296144385933524,0.10592918409257983,0.5644563773140677
1352,Dropout,0.1587378278466105,0.278836337446129,0.5624258347072605
1121,Dropout,0.2957029527720649,0.1424702669111347,0.5618267803168004
818,Dropout,0.008144157906062143,0.43018136802350737,0.5616744740704305
1518,Dropout,0.1847223774464005,0.253898425872615,0.5613791966809845
1347,Dropout,0.11219718863672218,0.3293160255239686,0.5584867858393092
814,Dropout,0.13070918792279182,0.31216016591235446,0.5571306461648537
1215,Dropout,0.19395120026133783,0.2506372041676892,0.555411595570973
6,Dropout,0.0698937889753218,0.3750700645923874,0.5550361464322907
517,Dropout,0.14933927476357145,0.29649438427575076,0.5541663409606777
44,Dropout,0.19465390210928174,0.25128786650013807,0.5540582313905802
824,Dropout,0.007431671805441166,0.4391749374261995,0.5533933907683594
644,Dropout,0.02348619836674831,0.4249901822067146,0.5515236194265372
1468,Dropout,0.24539379050732713,0.2035798230280099,0.551026386464663
830,Dropout,0.2666379070389178,0.18280790631623933,0.5505541866448428
660,Dropout,0.10879390537548725,0.34306480793116767,0.548141286693345
1313,Dropout,0.049103215382205426,0.4028303868124742,0.5480663978053204
8,Dropout,0.03794074786427577,0.41468237161086435,0.5473768805248599
28,Dropout,0.329232780161465,0.1275899073378339,0.5431773125007011
631,Dropout,0.11498455094110059,0.342164143189179,0.5428513058697204
429,Dropout,0.3193713926093823,0.13780920945396094,0.5428193979366568
973,Dropout,0.0026569451499592507,0.4555526323333434,0.5417904225166973
1661,Dropout,0.08648720849293576,0.3717255129376521,0.5417872785694121
1353,Dropout,0.07237288437749169,0.3901874238205966,0.5374396918019116
983,Dropout,0.22827490381565024,0.24093606359605543,0.5307890325882944
308,Dropout,0.20662087423450912,0.2630571724208066,0.5303219533446842
1356,Dropout,0.06319601063610243,0.4068379190381705,0.5299660703257271
1115,Dropout,0.0945965380145189,0.37693002322009306,0.528473438765388
954,Dropout,0.21060558688150052,0.2623376712825185,0.5270567418359811
674,Dropout,0.02515170413325936,0.4485043347599459,0.5263439611067948
250,Dropout,0.3948816793892641,0.08030693504891469,0.5248113855618212
1619,Dropout,0.19230419843368815,0.2838241301233699,0.5238716714429419
22,Dropout,0.1651514014229419,0.31148109332747687,0.5233675052495812
1486,Dropout,0.02950862415679472,0.44733810220904346,0.5231532736341618
654,Dropout,0.20550126156575146,0.27162331441281945,0.5228754240214292
659,Dropout,0.11716309766155189,0.36182891514133675,0.5210079871971115
1496,Dropout,0.00488050573682113,0.4792551671417177,0.5158643271214611
880,Dropout,0.02331259187635635,0.46109253416776774,0.5155948739558758
1618,Dropout,0.03255132148282805,0.4532306245890592,0.5142180539281128
981,Dropout,0.33226117275651373,0.15385322159651327,0.513885605646973
1026,Dropout,0.26432373357461764,0.22374799560063635,0.511928270824746
1463,Dropout,0.12681198332008656,0.3615594621827472,0.5116285544971662
567,Dropout,0.15511343389704432,0.33717382342275043,0.5077127426802053
1676,Dropout,0.08673805643235702,0.4060788893637325,0.5071830542039105
524,Dropout,0.1496649625706778,0.34334792932777985,0.5069871081015423
676,Enrolled,0.003333288123414728,0.5000796609676653,0.49658705090892
1183,Dropout,0.06680417044778428,0.43740742057173554,0.4957884089804802
263,Dropout,0.09406551332127262,0.41030734790181295,0.49562713877691456
1438,Dropout,0.36964578741616305,0.1353177264348166,0.49503648614902035
796,Dropout,0.21090345571620558,0.294702354064734,0.49439419021906045
