row_id,predicted_label,prob_Graduate,prob_Enrolled,prob_Dropout
637,Dropout,0.00027445141404777474,0.0019176082337040996,0.9978079403522482
452,Dropout,0.0002148367631574656,0.0026436532163443037,0.9971415100204982
714,Dropout,7.760468400421894e-05,0.0036737368342951307,0.9962486584817007
1344,Dropout,7.886854795771989e-05,0.004623108052539262,0.9952980233995031
136,Dropout,7.271488988892956e-05,0.004992243883030422,0.9949350412270807
778,Dropout,1.7721913182614658e-05,0.0050652681297444985,0.994917009957073
1490,Dropout,7.610169123193619e-05,0.00586368324795718,0.994060215060811
434,Dropout,0.00027960395030302666,0.005691100132746993,0.9940292959169501
480,Dropout,0.002042705061878232,0.004280658098584406,0.9936766368395373
1732,Dropout,0.0006152248253478142,0.005973422789743489,0.9934113523849086
1326,Dropout,8.116401747452367e-05,0.007248022381786961,0.9926708136007385
1255,Dropout,0.00010782024214930046,0.007268697984334111,0.9926234817735166
651,Dropout,0.0022241525411616065,0.005413670073800988,0.9923621773850374
161,Dropout,9.222796289717765e-05,0.008181359522113579,0.9917264125149892
922,Dropout,1.4296013307687858e-05,0.008360412713447304,0.991625291273245
1606,Dropout,4.612851296561996e-05,0.008431502371043937,0.9915223691159905
430,Dropout,0.0008649368564448211,0.008456832775329572,0.9906782303682257
1005,Dropout,0.00020437542871106992,0.009301720732891193,0.9904939038383977
116,Dropout,6.370964507406214e-05,0.009583865776650765,0.9903524245782753
1279,Dropout,0.00021237314360595766,0.009600367055423394,0.9901872598009706
69,Dropout,0.00036504887889984974,0.00979707629848601,0.9898378748226141
286,Dropout,8.053328714761569e-05,0.010172665366125528,0.9897468013467269
100,Dropout,0.0013933007865849396,0.008860724746876537,0.9897459744665386
549,Dropout,9.278839598467221e-05,0.0103493421747966,0.9895578694292188
438,Dropout,5.676332608657978e-06,0.010458322993695531,0.9895360006736958
1053,Dropout,0.0024037427962756213,0.009073935190948162,0.9885223220127763
1341,Dropout,0.00043985903295032706,0.011289062215208603,0.9882710787518412
273,Dropout,0.0011662651689327618,0.010834443159354463,0.9879992916717129
940,Dropout,6.513776216904066e-05,0.012288671242595346,0.9876461909952355
49,Dropout,0.0038061617577179775,0.00864070845534141,0.9875531297869407
1630,Dropout,0.00017643263897525654,0.012312202575232451,0.9875113647857924
119,Dropout,1.7671836461229542e-05,0.012689775430958828,0.9872925527325799
858,Dropout,0.0019310548731168587,0.010981971266475462,0.9870869738604077
296,Dropout,0.0021655171544979466,0.011076147329990328,0.9867583355155116
245,Dropout,0.00012883021618568488,0.013212546556536704,0.9866586232272776
686,Dropout,0.0014807337526985876,0.011885756639908767,0.9866335096073926
542,Dropout,0.004070752180100943,0.009520392440218394,0.9864088553796806
531,Dropout,6.92610637554461e-05,0.013771454806961878,0.9861592841292826
322,Dropout,0.000893488593907649,0.013192443681649147,0.9859140677244433
1148,Dropout,0.0021300725129880446,0.012073757425294445,0.9857961700617174
1109,Dropout,0.0017721541154246004,0.012554023018366202,0.9856738228662093
414,Dropout,9.683086532290607e-06,0.014550325057470394,0.9854399918559973
312,Dropout,0.0004500059288705968,0.014488190964379354,0.9850618031067501
102,Dropout,0.00011104851129625806,0.015963386948591153,0.9839255645401126
1064,Dropout,0.0001135906856375296,0.016098728060004456,0.983787681254358
1430,Dropout,0.00031019209613156965,0.016205383818694942,0.9834844240851736
548,Dropout,0.00331139292968858,0.013233193886471045,0.9834554131838403
915,Dropout,0.0007140986181661832,0.01592397985464125,0.9833619215271926
723,Dropout,0.0010638176680103128,0.015839252308299665,0.98309693002369
675,Dropout,6.987798687710652e-05,0.017017169675117478,0.9829129523380055
752,Dropout,6.287422354289505e-05,0.0176086243972503,0.9823285013792069
847,Dropout,5.191053463225779e-05,0.017803677965518697,0.982144411499849
262,Dropout,0.0005197989727956586,0.01734235985619567,0.9821378411710086
1595,Dropout,0.00017416319554152486,0.01815740385689327,0.9816684329475651
806,Dropout,0.0010592453131044515,0.0176129965896617,0.9813277580972339
455,Dropout,0.0013770663355247433,0.017366574492921717,0.9812563591715534
946,Dropout,6.679164259104704e-05,0.018699717536114907,0.9812334908212941
1365,Dropout,1.6664840937972555e-05,0.01891556714725382,0.9810677680118081
118,Dropout,8.469085458209719e-06,0.01894597545429136,0.9810455554602504
1125,Dropout,0.000167912430783227,0.018888131284375876,0.9809439562848409
586,Dropout,0.0027940808371905287,0.016467025868534997,0.9807388932942745
248,Dropout,0.00016423549073832206,0.019388633459885993,0.9804471310493756
1398,Dropout,0.00011888077474188363,0.01943996568047525,0.9804411535447829
330,Dropout,9.640038498040762e-05,0.019564588582310544,0.9803390110327089
1066,Dropout,0.003862824498762128,0.016277166934664453,0.9798600085665733
1761,Dropout,0.004268719556817673,0.01602930277839707,0.9797019776647852
823,Dropout,0.00043397055530952405,0.01995044187717481,0.9796155875675157
1268,Dropout,0.003158080189154003,0.01767397797650203,0.979167941834344
581,Dropout,0.00033531452330215895,0.020612258203032155,0.9790524272736657
282,Dropout,8.986787499628406e-05,0.020948220970468254,0.9789619111545356
574,Dropout,0.0009188284776965746,0.020502796555799254,0.9785783749665042
591,Dropout,8.921353529982407e-06,0.02159718144161658,0.9783938972048534
561,Dropout,0.00011841475726162071,0.021952303381391834,0.9779292818613464
180,Dropout,0.00013254274829965204,0.02238184366688531,0.977485613584815
1547,Dropout,0.000312488339968395,0.022747203773751876,0.9769403078862797
208,Dropout,0.0002477339199106935,0.02357456293677893,0.9761777031433103
318,Dropout,0.0006362159317728361,0.023433024631460547,0.9759307594367667
1766,Dropout,0.00019592756937158892,0.024664083957697817,0.9751399884729305
1191,Dropout,0.00011508354191746489,0.024812882541863188,0.9750720339162192
1131,Dropout,9.751811736158854e-05,0.025191486864081413,0.974710995018557
68,Dropout,0.00308008731690932,0.022896731806397803,0.9740231808766929
1444,Dropout,0.001652969707222849,0.024691696713967294,0.9736553335788098
622,Dropout,0.00015435095232225896,0.026228668676706052,0.9736169803709717
546,Dropout,0.007287450239415675,0.021137086215132318,0.9715754635454521
780,Dropout,0.0008683456476411404,0.027949226086099538,0.9711824282662594
1112,Dropout,0.0029971695749672726,0.026099473837473266,0.9709033565875596
268,Dropout,7.356734640851657e-05,0.029271441884954914,0.9706549907686365
359,Dropout,3.4917884907522236e-05,0.02987208479888815,0.9700929973162042
238,Dropout,0.004769326723020384,0.025159129147150433,0.9700715441298292
620,Dropout,0.00011782150123365476,0.030208909362505313,0.969673269136261
1705,Dropout,7.52723049352682e-05,0.03068215805666313,0.9692425696384015
848,Dropout,0.00013113275918439038,0.031151621101465164,0.9687172461393505
483,Dropout,3.706340763164455e-05,0.03214990607967563,0.9678130305126927
590,Dropout,0.0007290213099693667,0.03156696769439544,0.9677040109956351
1654,Dropout,0.0040984874615105,0.028246950342095095,0.9676545621963943
458,Dropout,0.007468240104642234,0.02550400006979267,0.967027759825565
1656,Dropout,0.007452727948404795,0.025643231586535635,0.9669040404650596
1571,Dropout,0.00036883741331242937,0.032900653770484824,0.9667305088162027
643,Dropout,0.0005465885637621457,0.03352716663893614,0.9659262447973017
242,Dropout,0.006355589858355855,0.028303622310844843,0.9653407878307994
1701,Dropout,0.0001749245315813426,0.03449016261299151,0.9653349128554273
1208,Dropout,0.0002760342028988609,0.03449251089882703,0.965231454898274
648,Dropout,0.002905750468333776,0.03196279321440141,0.9651314563172647
545,Dropout,0.0031441853660724335,0.031890688231789706,0.9649651264021379
271,Dropout,5.216446974183943e-05,0.03628070903801173,0.9636671264922465
35,Dropout,0.008404851198425739,0.027963820750634596,0.9636313280509397
664,Dropout,0.0037531663725053305,0.03298378488413303,0.9632630487433617
1736,Dropout,9.516240689405456e-05,0.03776678552329308,0.962138052069813
901,Dropout,0.00025429695970683125,0.03815339578753981,0.9615923072527532
1314,Dropout,7.784038528742069e-05,0.040629727718274805,0.9592924318964378
1297,Dropout,0.004746004239130131,0.03662002190273891,0.958633973858131
614,Dropout,0.0007881127834245032,0.04078001361368752,0.9584318736028881
663,Dropout,0.0006465052371102801,0.04256479164855702,0.9567887031143327
1075,Dropout,0.003978782273074509,0.04035536252813304,0.9556658551987924
1373,Dropout,5.374124113047502e-05,0.04443235580080404,0.9555139029580655
128,Dropout,0.00022842779998914677,0.04440948411109674,0.9553620880889141
1635,Dropout,0.0016695509344184845,0.0432885674205981,0.9550418816449834
704,Dropout,0.00479463345775274,0.04063799949669034,0.9545673670455568
865,Dropout,0.008770108911900613,0.03676173485556331,0.954468156232536
1397,Dropout,0.005197240681522711,0.0406438193153677,0.9541589400031096
1022,Dropout,0.007767611167734933,0.038239615901483844,0.9539927729307811
834,Dropout,1.343636186047094e-05,0.046039835910178725,0.9539467277279607
70,Dropout,1.776610260921934e-05,0.04628661052525719,0.9536956233721335
111,Dropout,0.02985686174498074,0.01662014802497033,0.9535229902300488
367,Dropout,0.00010302728500161992,0.047171952935802126,0.9527250197791962
855,Dropout,7.851643377275597e-05,0.04789844086875238,0.952023042697475
235,Dropout,0.0007947711576636202,0.048381960791291145,0.9508232680510452
399,Dropout,0.000251749764414256,0.04974594386864145,0.9500023063669444
888,Dropout,0.0011959180679019658,0.050283292114452004,0.9485207898176461
592,Dropout,0.032851309459249,0.018765049859979028,0.948383640680772
979,Dropout,0.00026248804083885905,0.05576291593010652,0.9439745960290545
742,Dropout,0.016149949490581902,0.041012607649541,0.9428374428598771
366,Dropout,0.003926662870528719,0.05411643975025824,0.941956897379213
732,Dropout,0.005078921675178142,0.05320100666489707,0.9417200716599247
599,Dropout,0.0010615315587090897,0.05979820920144786,0.939140259239843
460,Dropout,0.016607817669742675,0.04499293263286809,0.9383992496973892
461,Dropout,0.00039187738503254524,0.06297171217344223,0.9366364104415251
958,Dropout,8.47810102727764e-05,0.06379754601139313,0.9361176729783341
380,Dropout,0.0002177874908398503,0.06433535522860506,0.9354468572805551
123,Dropout,2.452710255115319e-05,0.06511114902255913,0.9348643238748897
1019,Dropout,0.0018201331471760912,0.06344310155597375,0.9347367652968501
1232,Dropout,0.012691497582633899,0.053179378764290165,0.934129123653076
929,Dropout,0.018538415849461826,0.05031936412210383,0.9311422200284344
1729,Dropout,0.012847874136989288,0.060013992344902824,0.9271381335181079
1093,Dropout,0.0034642802686281468,0.06976857041727573,0.9267671493140962
1201,Dropout,0.0015476512215259546,0.07245879702851935,0.9259935517499547
1645,Dropout,0.0003536696215543093,0.07376478331179562,0.92588154706665
1275,Dropout,0.0001742124876622699,0.0741645475877025,0.9256612399246352
1271,Dropout,0.005010737791920853,0.0717808787984819,0.9232083834095972
1174,Dropout,0.0026689597776313394,0.07450318999016185,0.9228278502322068
155,Dropout,5.790192286499353e-05,0.07712806602824253,0.9228140320488926
671,Dropout,0.03638143494994898,0.044169869059179225,0.9194486959908719
394,Dropout,0.028206695595825577,0.053001507062455544,0.9187917973417189
393,Dropout,0.004601030916596336,0.08272110895142948,0.9126778601319742
1495,Dropout,0.005528479731798461,0.08273724012381542,0.9117342801443861
883,Dropout,0.003684243549385509,0.08511786142720969,0.9111978950234049
684,Dropout,0.002204970093491948,0.08736455797638853,0.9104304719301195
389,Dropout,0.057102615901463226,0.032984465335196805,0.9099129187633399
1510,Dropout,0.0017360981827844722,0.08901670301167025,0.9092471988055453
1666,Dropout,0.010695162814740566,0.08096141577336735,0.9083434214118921
60,Dropout,0.042187558627727516,0.05042699327998731,0.9073854480922852
1105,Dropout,0.046470554177572856,0.047612382947978774,0.9059170628744484
1570,Dropout,0.0015774240800689448,0.09342826292657674,0.9049943129933543
882,Dropout,0.0009854942493316644,0.09743149557973096,0.9015830101709374
1073,Dropout,0.000544569969253009,0.0986716725031541,0.9007837575275929
1009,Dropout,0.0024200997115855997,0.09696839940667118,0.9006115008817432
938,Dropout,0.006306217551537669,0.09484642763426523,0.8988473548141971
1386,Dropout,0.0032531035057866454,0.09858368745251107,0.8981632090417022
1668,Dropout,0.0011296345698395378,0.1017825341315284,0.8970878312986321
32,Dropout,0.005810222081158902,0.09790160548618734,0.8962881724326539
594,Dropout,0.0011926493137852392,0.10437047812574249,0.8944368725604723
46,Dropout,0.0005595435972490524,0.10613463515689205,0.8933058212458589
610,Dropout,0.08665769736908613,0.020477787988642783,0.892864514642271
1218,Dropout,0.06251465142065489,0.045093633828184196,0.8923917147511609
231,Dropout,0.061333532464985276,0.04723469689990506,0.8914317706351096
371,Dropout,0.005950989454737334,0.10262056768041562,0.891428442864847
227,Dropout,0.011436868841574764,0.09752753362255147,0.8910355975358737
952,Dropout,0.007301853634769949,0.10167256918612734,0.8910255771791027
1646,Dropout,0.0008493721947105358,0.10940179172272976,0.8897488360825597
596,Dropout,0.0121555121070541,0.09816110890319883,0.8896833789897471
662,Dropout,0.0023281378727326224,0.10843967911410876,0.8892321830131587
948,Dropout,0.006182925626794624,0.10492686781277222,0.8888902065604332
575,Dropout,0.0037436586053183132,0.10752690788915274,0.888729433505529
1194,Dropout,0.005386109801168448,0.10667520075339858,0.8879386894454329
820,Dropout,3.783691456108032e-05,0.1124040885943444,0.8875580744910946
1611,Dropout,0.008908248465003621,0.10421085533086079,0.8868808962041357
99,Dropout,0.07470816745971513,0.03937375284690475,0.8859180796933801
410,Dropout,0.0006897317663410162,0.11514129843984092,0.884168969793818
195,Dropout,0.0051121416625233935,0.1114246194741716,0.8834632388633051
375,Dropout,0.0054981301717965236,0.1120529596675744,0.8824489101606291
1163,Dropout,0.013943807787863412,0.1036930997363163,0.8823630924758203
482,Dropout,0.0015633193914181794,0.11961997342657417,0.8788167071820077
1680,Dropout,0.012664477154760566,0.10920969334001732,0.878125829505222
462,Dropout,0.00025342064914781013,0.12204148607844591,0.8777050932724063
1024,Dropout,0.001267247500876674,0.12409328001738479,0.8746394724817386
886,Dropout,0.019888924592734114,0.10610074924690924,0.8740103261603567
350,Dropout,0.0037831543210608888,0.1241675934152628,0.8720492522636762
871,Dropout,0.059975676543025484,0.06800346631242783,0.8720208571445467
1415,Dropout,0.0045691927010098835,0.12469223064893911,0.870738576650051
1550,Dropout,0.001038213911955081,0.1302469336083476,0.8687148524796973
912,Dropout,0.002737501318991152,0.12895824197890535,0.8683042567021035
1509,Dropout,0.0392209717451241,0.09254889028298513,0.8682301379718907
1594,Dropout,0.047895872779463895,0.08390785167941879,0.8681962755411172
1103,Dropout,0.018949794461844468,0.11312989463619838,0.8679203109019571
1182,Dropout,0.0036192548241069412,0.1287255987893132,0.8676551463865799
1332,Dropout,0.0056779862254729176,0.12740627574969637,0.8669157380248308
1141,Dropout,0.017954752991574025,0.11625748785910978,0.8657877591493162
562,Dropout,0.0012409135127777072,0.1384892022410948,0.8602698842461275
1708,Dropout,0.029339277258147285,0.11125412066540612,0.8594066020764465
1765,Dropout,0.014190210386907778,0.12797594996859044,0.8578338396445018
904,Dropout,0.0854810606459255,0.05769354903926644,0.8568253903148081
1575,Dropout,0.0032111802569060963,0.140073712591585,0.8567151071515089
500,Dropout,0.036711560297502714,0.10689017384827433,0.856398265854223
602,Dropout,0.007333670195130198,0.13654821271434156,0.8561181170905282
1417,Dropout,0.0009179601018323404,0.14484928223475663,0.854232757663411
1675,Dropout,0.0019718072004555136,0.1447562894496539,0.8532719033498907
1472,Dropout,0.008464679918856376,0.13880262980664904,0.8527326902744945
14,Dropout,0.034123119849553206,0.11426269935445145,0.8516141807959954
1690,Dropout,0.00888171461851073,0.14091689330581036,0.8502013920756789
1638,Dropout,0.014784278195976046,0.13536071549484785,0.8498550063091761
1569,Dropout,0.03688482320821475,0.11364248529856168,0.8494726914932236
255,Dropout,0.0038869615820377856,0.14686576613597288,0.8492472722819894
233,Dropout,0.00530659642271392,0.14785629504414818,0.8468371085331378
397,Dropout,0.00024127432673464065,0.15492770578460313,0.8448310198886623
935,Dropout,0.0007564423324706618,0.15460064443799423,0.844642913229535
1658,Dropout,0.010419005306270086,0.14773478099565923,0.8418462136980707
1318,Dropout,0.014795695940744638,0.14336709708992593,0.8418372069693294
1315,Dropout,0.005738312261298177,0.15358726824861954,0.8406744194900824
1203,Dropout,0.012797958466600458,0.1466161348777107,0.8405859066556889
504,Dropout,0.007027531472492497,0.15276532703020418,0.8402071414973032
836,Dropout,0.10023142366038493,0.06378561371394313,0.835982962625672
314,Dropout,0.0578152349240292,0.10621437679447022,0.8359703882815005
1522,Dropout,0.0034262728835629717,0.16209204159245402,0.8344816855239829
914,Dropout,0.01014705714440519,0.15627041364369476,0.8335825292119001
758,Dropout,0.017782433545019637,0.14877207907944096,0.8334454873755395
310,Dropout,0.009823954508366223,0.15853765113207333,0.8316383943595606
385,Dropout,0.014371150263848007,0.15427192584614333,0.8313569238900086
1339,Dropout,0.003927652239846323,0.16472044225205074,0.831351905508103
1607,Dropout,0.09613008278968183,0.07346845114633546,0.8304014660639827
31,Dropout,0.0215754908282845,0.14802924072595064,0.8303952684457648
1432,Dropout,0.006055897544642019,0.16413639109166855,0.8298077113636895
1559,Dropout,0.003138318001870987,0.16758499490505807,0.829276687093071
1211,Dropout,0.0018024366287834063,0.16955456919733192,0.8286429941738848
1166,Dropout,0.08418141547058713,0.0901639186886902,0.8256546658407228
1,Dropout,0.01657179790661404,0.15810125184540544,0.8253269502479805
872,Dropout,0.0690341312808603,0.10696210313987847,0.8240037655792612
481,Dropout,0.0026655401203847565,0.1745119904320717,0.8228224694475436
1419,Dropout,0.09228775174428024,0.08569927187063855,0.8220129763850812
476,Dropout,0.09872761211071378,0.08045851999871588,0.8208138678905704
779,Dropout,0.01933335809320568,0.16040446816612602,0.8202621737406682
963,Dropout,0.10975146216631504,0.07133553390491733,0.8189130039287676
1000,Dropout,0.0128925936826274,0.17003715984422074,0.8170702464731519
838,Dropout,0.09521981412950192,0.0888091093296974,0.8159710765408008
78,Dropout,0.01115615019736871,0.17434915314131738,0.8144946966613139
890,Dropout,0.02385312651467066,0.16169713569525423,0.8144497377900751
1366,Dropout,0.027927423406237304,0.15763846479192217,0.8144341118018404
1513,Dropout,0.01010269056296618,0.1755195339944015,0.8143777754426322
632,Dropout,0.09337001492068259,0.09257489352825998,0.8140550915510575
1225,Dropout,0.011358135838583725,0.17500431767061633,0.8136375464908
150,Dropout,0.10542068129464047,0.08133960060279155,0.813239718102568
894,Dropout,0.10887091267593314,0.07861651666050051,0.8125125706635663
959,Dropout,0.10729174329101278,0.08088738572236301,0.8118208709866241
353,Dropout,0.101393792000986,0.08727060135073872,0.8113356066482752
469,Dropout,0.042732840751033736,0.14631579059822253,0.8109513686507438
608,Dropout,0.09795927082252932,0.09147961878220813,0.8105611103952626
1349,Dropout,0.021231819919461756,0.16840961586211223,0.8103585642184261
1335,Dropout,0.011734526894895993,0.17855376626040861,0.8097117068446954
1359,Dropout,0.009026075757204814,0.18324992669616932,0.8077239975466259
1734,Dropout,0.0803241437914553,0.1129055599285007,0.806770296280044
418,Dropout,0.0742679249010184,0.12033943973297447,0.8053926353660071
1028,Dropout,0.0016305711583333128,0.19399054432006174,0.8043788845216049
579,Dropout,0.08235786443158384,0.11328890889717569,0.8043532266712404
1346,Dropout,0.011310842445932832,0.18461051793808367,0.8040786396159835
949,Dropout,0.0088550123035278,0.18782125365342298,0.8033237340430491
215,Dropout,0.006527323564288678,0.19018663254305437,0.803286043892657
653,Dropout,0.12673049436584408,0.07019149418570592,0.80307801144845
1649,Dropout,0.11214304776959948,0.08552115063636494,0.8023358015940356
27,Dropout,0.11443827142664997,0.08379416317971314,0.8017675653936368
1441,Dropout,0.007981626110095504,0.19210465619827383,0.7999137176916308
1144,Dropout,0.10474660903368352,0.0955973558787645,0.799656035087552
1250,Dropout,0.052054419933392326,0.14829594913530728,0.7996496309313004
1540,Dropout,0.11752758877844607,0.08296109139857631,0.7995113198229776
1551,Dropout,0.014683726666329482,0.1871912581286626,0.798125015205008
1612,Dropout,0.07151064014847326,0.13117438323045177,0.797314976621075
216,Dropout,0.006422655998914435,0.19735573115683697,0.7962216128442486
772,Dropout,0.0020078444097778735,0.2032229259506583,0.7947692296395638
1246,Dropout,0.004962622169604689,0.2007553338271082,0.7942820440032871
207,Dropout,0.04305017405651203,0.164185645188009,0.792764180755479
771,Dropout,0.004841493007909797,0.20262360169960364,0.7925349052924866
928,Dropout,0.03992636895231856,0.16772944564941575,0.7923441853982657
825,Dropout,0.12844428332492736,0.07983211732687667,0.791723599348196
1423,Dropout,0.015986600323677547,0.1929495723990547,0.7910638272772678
1527,Dropout,0.05994514794311632,0.14927763714723585,0.7907772149096478
506,Dropout,0.002247259277155049,0.20889103889815222,0.7888617018246926
1393,Dropout,0.09575707982407203,0.11703696718442617,0.7872059529915018
332,Dropout,0.12211372954351409,0.09080602478542485,0.787080245671061
972,Dropout,0.009905091164859853,0.2032138927634038,0.7868810160717363
1202,Dropout,0.006386439404495894,0.20683791079630012,0.786775649799204
147,Dropout,0.10890682754696991,0.10463227693801168,0.7864608955150184
471,Dropout,0.01969712403103996,0.1966793205550299,0.7836235554139301
765,Dropout,0.00710864701411379,0.20950761760219344,0.7833837353836928
141,Dropout,0.09080932844211771,0.12706213103054076,0.7821285405273415
1525,Dropout,0.005928543602946666,0.21309199195522383,0.7809794644418295
1172,Dropout,0.09050597333278239,0.12868560947464006,0.7808084171925774
1007,Dropout,0.0025647625265324135,0.2170826251143604,0.7803526123591071
784,Dropout,0.022253267501712592,0.19743191560797474,0.7803148168903127
1514,Dropout,0.1335858160853588,0.09035348812599253,0.7760606957886487
191,Dropout,0.13891217773079736,0.08505826412116788,0.7760295581480346
1500,Dropout,0.0010574711387395764,0.22430241683328464,0.7746401120279757
431,Dropout,0.09593027139758388,0.12979462049383939,0.7742751081085767
1152,Dropout,0.03808064941049772,0.18842546753983197,0.7734938830496703
786,Dropout,0.1063663804527366,0.12090869312532303,0.7727249264219404
1616,Dropout,0.01109710398207971,0.21640296641031417,0.772499929607606
1274,Dropout,0.003947440214706245,0.22381734581582188,0.7722352139694719
689,Dropout,0.02319375446668048,0.20522066166939298,0.7715855838639265
722,Dropout,0.03827543636526909,0.190306895804633,0.7714176678300979
854,Dropout,0.030559092164835176,0.1983631570246837,0.7710777508104811
875,Dropout,0.023262394675148016,0.2062635735693853,0.7704740317554668
343,Dropout,0.021426562055881133,0.2088597325229817,0.7697137054211373
405,Dropout,0.004573336254377655,0.22571824802062873,0.7697084157249936
1067,Dropout,0.0007120316462779878,0.2297885298428925,0.7694994385108295
1489,Dropout,0.0003246636853589206,0.2310587339919842,0.7686166023226568
1567,Dropout,0.08034006609820366,0.1547159450491042,0.7649439888526921
1061,Dropout,0.1617837813961141,0.07339950010318187,0.764816718500704
748,Dropout,0.1490438395235699,0.0884411249113229,0.7625150355651072
364,Dropout,0.11253807867814916,0.12520981151954755,0.7622521098023033
1506,Dropout,0.011042876582015644,0.22714279168754895,0.7618143317304353
1512,Dropout,0.14466783760532684,0.09356583764451883,0.7617663247501544
1229,Dropout,0.16073242520900358,0.07776597852904901,0.7615015962619475
1151,Dropout,0.08943482305057716,0.14982939487336466,0.7607357820760582
811,Dropout,0.025188332749474327,0.21437524133578859,0.760436425914737
284,Dropout,0.13701875188482807,0.10311106294065742,0.7598701851745145
1227,Dropout,0.004947049297569479,0.23528602990141215,0.7597669208010184
285,Dropout,0.12738217927850828,0.11371302661530304,0.7589047941061887
1709,Dropout,0.12585801815259323,0.1167139194911989,0.7574280623562079
992,Dropout,0.13126637379616193,0.11174334000268824,0.7569902862011498
1481,Dropout,0.11706765630987011,0.12641368585118803,0.7565186578389418
943,Dropout,0.013016463488881332,0.23062181184122602,0.7563617246698926
326,Dropout,0.011313475034551258,0.232385645015068,0.7563008799503806
1533,Dropout,0.0071361129710238985,0.23710624786641066,0.7557576391625653
307,Dropout,0.01751342429025214,0.22703364876755808,0.7554529269421898
583,Dropout,0.019587674985119582,0.22834766074019464,0.7520646642746859
1096,Dropout,0.004609056514890543,0.2435699431561717,0.7518210003289377
895,Dropout,0.016808917715545806,0.2327813854238497,0.7504096968606044
1579,Dropout,0.029638458200088143,0.2203141364621258,0.750047405337786
1234,Dropout,0.15838739616690467,0.09188511338030547,0.7497274904527899
804,Dropout,0.01752590304253661,0.2329780016714707,0.7494960952859927
42,Dropout,0.11801726046032024,0.13305962849919784,0.7489231110404819
705,Dropout,0.1251601491612884,0.12708689106103693,0.7477529597776746
812,Dropout,0.10094456551359253,0.15241721625368246,0.7466382182327249
715,Dropout,0.14691597660198188,0.10722211363829573,0.7458619097597223
636,Dropout,0.1368001242391926,0.11741107666580247,0.745788799095005
1376,Dropout,0.07591631964745237,0.17847578517253554,0.7456078951800121
515,Dropout,0.007674636202620367,0.24848568007855507,0.7438396837188246
260,Dropout,0.03389115649054688,0.22353083863050058,0.7425780048789526
1100,Dropout,0.11410964573846949,0.14341728069054405,0.7424730735709865
522,Dropout,0.04708423746026433,0.21160062059406906,0.7413151419456665
1670,Dropout,0.14425517683093508,0.11508667630931889,0.7406581468597461
1035,Dropout,0.11985658763767276,0.14038519084711787,0.7397582215152094
706,Dropout,0.13535500234295855,0.1263028914503356,0.7383421062067058
1389,Dropout,0.19869625535691157,0.06426774216361107,0.7370360024794773
1023,Dropout,0.16409554753696076,0.10076324024822357,0.7351412122148158
1434,Dropout,0.1635559049700698,0.10145299710687777,0.7349910979230523
1528,Dropout,0.16205202282037376,0.10361453488298798,0.7343334422966382
841,Dropout,0.07288703310264973,0.19428668389334428,0.732826283004006
1484,Dropout,0.009135931275848226,0.25917624721473015,0.7316878215094216
488,Dropout,0.11302215789445896,0.15532435566241984,0.7316534864431212
749,Dropout,0.1657990236986048,0.10407073960800368,0.7301302366933915
1161,Dropout,0.022929465323642775,0.2470190990645249,0.7300514356118323
728,Dropout,0.14912936030196977,0.12281664339793841,0.7280539963000918
727,Dropout,0.19260120558639005,0.07949293145397408,0.7279058629596359
106,Dropout,0.005272524796072204,0.2669104587034451,0.7278170165004827
698,Dropout,0.17659855275114586,0.09564873095051604,0.727752716298338
357,Dropout,0.0015563890062314605,0.2715879719949187,0.7268556389988499
269,Dropout,0.001658649762083443,0.27264223848638025,0.7256991117515362
110,Dropout,0.1514751902814469,0.12302065483162142,0.7255041548869318
802,Dropout,0.08990489650659872,0.1847835055100072,0.7253115979833941
1140,Dropout,0.17915956585969722,0.09870663497872184,0.722133799161581
977,Dropout,0.008514192331902346,0.2705539586000645,0.7209318490680331
640,Dropout,0.001889462697701647,0.2771832643320256,0.7209272729702728
1325,Dropout,0.1578186811176912,0.12170363016238354,0.7204776887199253
1697,Dropout,0.002815970986786987,0.2768122480166388,0.7203717809965743
1502,Dropout,0.001578583908603109,0.2781551286184996,0.7202662874728972
1375,Dropout,0.05533758828753385,0.22472530923556575,0.7199371024769003
1014,Dropout,0.08557770495225492,0.1951478585933574,0.7192744364543877
1536,Dropout,0.15684833024454917,0.12395628541242525,0.7191953843430257
1038,Dropout,0.1604016190004999,0.120579676903112,0.7190187040963881
1684,Dropout,0.008330904372532252,0.2735465186260054,0.7181225770014624
885,Dropout,0.04959342963049219,0.23265172669863685,0.717754843670871
997,Dropout,0.0007596315949506662,0.28268073758904483,0.7165596308160045
1095,Dropout,0.15463848996111537,0.12993204241006043,0.7154294676288242
344,Dropout,0.1695512837197435,0.1182615650955269,0.7121871511847296
558,Dropout,0.09341089210038561,0.19546419018628522,0.7111249177133292
1652,Dropout,0.1614861590276156,0.12793783303912964,0.7105760079332547
3,Dropout,0.20640612109683965,0.084693051125678,0.7089008277774823
1186,Dropout,0.141302020014089,0.14987405850661153,0.7088239214792995
433,Dropout,0.18434893800066057,0.10762214890287848,0.7080289130964609
336,Dropout,0.07121639491062977,0.22162501085256173,0.7071585942368085
1037,Dropout,0.0008208613029962313,0.2949947963630587,0.7041843423339451
1266,Dropout,0.0016803851321645317,0.2945841137267987,0.7037355011410368
844,Dropout,0.19184285229335285,0.1050027976241218,0.7031543500825254
67,Dropout,0.17192942737409425,0.1250677191786043,0.7030028534473015
947,Dropout,0.1342845668121437,0.16319707401315375,0.7025183591747025
1555,Dropout,0.0036470371349828757,0.29398809247588664,0.7023648703891304
570,Dropout,0.002395457537045299,0.2976525876960795,0.6999519547668752
944,Dropout,0.018742354242384317,0.28171134056913016,0.6995463051884855
1714,Dropout,0.1823717243912564,0.1197169138908752,0.6979113617178684
48,Dropout,0.18089258098612918,0.12166166360229343,0.6974457554115774
874,Dropout,0.18761537085564978,0.11517713802244389,0.6972074911219063
534,Dropout,0.012180589312285398,0.2906783988261516,0.697141011861563
801,Dropout,0.1814128253823385,0.12219446532504646,0.6963927092926151
642,Dropout,0.029671804308128137,0.27553843440270837,0.6947897612891636
985,Dropout,0.1315737371617534,0.17494736479708228,0.6934788980411642
1329,Dropout,0.21608581587322812,0.09053009983920021,0.6933840842875717
1251,Dropout,0.1823973549303822,0.12737872195505615,0.6902239231145616
88,Dropout,0.017050105442794124,0.2949124187009518,0.6880374758562541
1160,Dropout,0.21698423616103749,0.09530232876630727,0.6877134350726553
1724,Dropout,0.08459084924925672,0.2279795037946651,0.6874296469560781
402,Dropout,0.18705454879245367,0.12833424163262147,0.6846112095749249
356,Dropout,0.022035908979799353,0.29346413751696593,0.6844999535032347
1042,Dropout,0.06740789610559514,0.2493838375225934,0.6832082663718114
1462,Dropout,0.212575588759972,0.10662747207139774,0.6807969391686303
1424,Dropout,0.028792892311634836,0.2913493996741037,0.6798577080142615
1477,Dropout,0.14230526198769383,0.17878212868079638,0.6789126093315099
198,Dropout,0.007713692024338506,0.31485999088500394,0.6774263170906576
1207,Dropout,0.052761166955534636,0.27048126917745974,0.6767575638670056
1399,Dropout,0.20008139020520266,0.12381672851100907,0.6761018812837882
104,Dropout,0.013706071041703533,0.3109104689995621,0.6753834599587344
1433,Dropout,0.06894177917419311,0.25590727501621885,0.675150945809588
294,Dropout,0.0333225109421486,0.29163542943074205,0.6750420596271094
1196,Dropout,0.11925336078129214,0.20591221073045726,0.6748344284882506
1076,Dropout,0.1902890270221447,0.1352382719567911,0.6744727010210642
711,Dropout,0.17315757045821317,0.15243445507139305,0.6744079744703939
757,Dropout,0.001624632602255027,0.324677201283098,0.6736981661146471
1355,Dropout,0.001478840655420454,0.3257988737928902,0.6727222855516893
495,Dropout,0.14798529307030833,0.18004956883377948,0.6719651380959121
411,Dropout,0.021915221576650337,0.3065898115715867,0.671494966851763
645,Dropout,0.1080953339986919,0.22153538483211802,0.6703692811691901
1263,Dropout,0.037304901400063095,0.29325575222947303,0.6694393463704639
125,Dropout,0.10226642665024273,0.22980624856401577,0.6679273247857416
1454,Dropout,0.1832856750842227,0.14882259135384235,0.667891733561935
1259,Dropout,0.0072041613581886104,0.3256158750097281,0.6671799636320833
808,Dropout,0.14292406915548722,0.19041455867528684,0.666661372169226
1370,Dropout,0.20175998008458848,0.13390859471322114,0.6643314252021904
1142,Dropout,0.22305491714595138,0.11339562803668889,0.6635494548173598
1178,Dropout,0.2316991781479431,0.10637658587820042,0.6619242359738564
957,Dropout,0.0035741716152843652,0.3350330630781447,0.6613927653065709
633,Dropout,0.009165749860596917,0.33022589079025755,0.6606083593491454
162,Dropout,0.015346670427656549,0.32598686748503863,0.6586664620873047
1752,Dropout,0.002568975482317555,0.34026394395101794,0.6571670805666645
1360,Dropout,0.007417571018896236,0.3366454386519296,0.6559369903291743
1049,Dropout,0.1913735531447895,0.15442014141124216,0.6542063054439683
1562,Dropout,0.003778594636443712,0.34622346436045515,0.6499979410031013
236,Dropout,0.16489201522515057,0.18710938650397294,0.6479985982708765
1351,Dropout,0.22206444684574544,0.13017474821718186,0.6477608049370728
278,Dropout,0.21942413337621114,0.1330909371864422,0.6474849294373467
1114,Dropout,0.0059527687837991495,0.3533103975028443,0.6407368337133565
761,Dropout,0.2619072635526243,0.0988752702796835,0.6392174661676921
846,Dropout,0.14813867721732712,0.21517456553453035,0.6366867572481426
164,Dropout,0.03763089441693859,0.3278563572861716,0.6345127482968899
1017,Dropout,0.0015263478499763132,0.3650885433956902,0.6333851087543335
306,Dropout,0.22944879638691787,0.1429410388264623,0.6276101647866199
1749,Dropout,0.05545732656552041,0.31759157493148715,0.6269510985029925
1403,Dropout,0.2783774627187272,0.09551030744349587,0.626112229837777
422,Dropout,0.01071603578039128,0.3645594876440863,0.6247244765755225
572,Dropout,0.06775433417752269,0.3080641009296247,0.6241815648928525
363,Dropout,0.20638191255832886,0.17082853613301105,0.6227895513086601
386,Dropout,0.16534923566647955,0.2121902053495323,0.6224605589839881
362,Dropout,0.16902348178965276,0.21092094190434585,0.6200555763060015
152,Dropout,0.02557305146072844,0.35470119259922167,0.6197257559400499
175,Dropout,0.0063309267451646094,0.3761547113235403,0.617514361931295
1511,Dropout,0.06341043412392769,0.3216142085346071,0.6149753573414652
646,Dropout,0.038921907434805246,0.3461354411908677,0.614942651374327
1631,Dropout,0.03436974546647926,0.3560743509420869,0.6095559035914339
856,Dropout,0.2555023131680227,0.1357359875533451,0.6087616992786322
1139,Dropout,0.07780419840620108,0.31384496671916806,0.6083508348746307
1488,Dropout,0.20987682669060898,0.18411805434163367,0.6060051189677573
540,Dropout,0.21448479950772106,0.17999069276430146,0.6055245077279774
737,Dropout,0.06934111073433658,0.3257314506904469,0.6049274385752166
1499,Dropout,0.07256438852782487,0.3228313763849316,0.6046042350872436
289,Dropout,0.26662782064781937,0.1311939701057961,0.6021782092463845
1428,Dropout,0.2708659256053311,0.13519870840049508,0.5939353659941738
190,Dropout,0.09509925528241328,0.31284592649632326,0.5920548182212634
1169,Dropout,0.27147179471272365,0.13813698353972034,0.590391221747556
1662,Dropout,0.310387428808551,0.1004682330248445,0.5891443381666045
1083,Dropout,0.2531894266071034,0.15826177051023313,0.5885488028826633
1747,Dropout,0.2746118731613132,0.1368773072239462,0.5885108196147406
1501,Dropout,0.03704218952971287,0.37534562146578637,0.5876121890045007
1741,Dropout,0.00467543313836438,0.4078134650844288,0.5875111017772068
1289,Dropout,0.0029208344081452786,0.4137503666788387,0.583328798913016
475,Dropout,0.04763341074110246,0.3717731352922641,0.5805934539666335
1210,Dropout,0.27912928866463127,0.14044508963525734,0.5804256217001114
1608,Dropout,0.10867720468975836,0.31125219789464537,0.5800705974155963
291,Dropout,0.18393427761526787,0.23627418099372693,0.5797915413910051
209,Dropout,0.015872938388484734,0.4058553901847092,0.5782716714268061
259,Dropout,0.00466930255115269,0.41877871519391596,0.5765519822549314
1557,Dropout,0.2318669664974343,0.19337960115674602,0.5747534323458197
827,Dropout,0.26116306251981564,0.16866329564120203,0.5701736418389823
1565,Dropout,0.01105214654468796,0.4201149424903841,0.5688329109649278
193,Dropout,0.20034656324516786,0.23115993827011802,0.5684934984847141
1025,Dropout,0.29352721317041186,0.1395526130370825,0.5669201737925056
760,Dropout,0.331137045644131,0.10326859299639903,0.56559436135947
1121,Dropout,0.29631069687702905,0.13843968137492468,0.5652496217480464
1518,Dropout,0.18371138115236438,0.2550642856551204,0.5612243331925152
44,Dropout,0.19193877603848855,0.24830416885271056,0.5597570551088009
1468,Dropout,0.23829429249577344,0.20200111724083164,0.5597045902633948
814,Dropout,0.13148724757207403,0.3088784257930428,0.5596343266348831
1347,Dropout,0.11209348179938387,0.33032124461908074,0.5575852735815353
945,Dropout,0.02059843227396054,0.42329247097821904,0.5561090967478204
6,Dropout,0.06890824931833456,0.3753517636039975,0.555739987077668
1134,Dropout,0.2417972030243585,0.20330856068019215,0.5548942362954493
1623,Dropout,0.0036469284417575062,0.44235176336323595,0.5540013081950065
228,Dropout,0.26582532033958356,0.18058288097585354,0.5535917986845629
517,Dropout,0.14873064600827987,0.2984424361226695,0.5528269178690506
818,Dropout,0.008088594925427033,0.4405056251460469,0.5514057799285261
830,Dropout,0.26692342315025785,0.18215103574098304,0.5509255411087591
824,Dropout,0.007382471580348274,0.44186458695489905,0.5507529414647527
1215,Dropout,0.19486868927029574,0.2562768464816819,0.5488544642480223
1661,Dropout,0.08784369253186912,0.3655270863495631,0.5466292211185677
644,Dropout,0.023573099662125507,0.4330332096009702,0.5433936907369044
429,Dropout,0.318903505470589,0.1381544897468178,0.5429420047825931
631,Dropout,0.11456746641147458,0.34580612206255706,0.5396264115259684
28,Dropout,0.3329853426895698,0.12811330023838174,0.5389013570720484
8,Dropout,0.03831714429886953,0.4233490534222215,0.538333802278909
973,Dropout,0.002645869450000086,0.4591326739621979,0.538221456587802
1313,Dropout,0.04866410555456993,0.41349062642237266,0.5378452680230573
660,Dropout,0.11015783974652389,0.35371188694947947,0.5361302733039967
983,Dropout,0.22834240282689597,0.23813019931335358,0.5335273978597505
308,Dropout,0.20469096999320247,0.2619669664576224,0.5333420635491751
1115,Dropout,0.09608908975700448,0.37190257291540174,0.5320083373275938
1353,Dropout,0.07447737820955934,0.3961375519053741,0.5293850698850666
659,Dropout,0.11763908006364492,0.3530282588402932,0.5293326610960618
250,Dropout,0.39308563060946305,0.07816191795801998,0.5287524514325169
654,Dropout,0.20062365383144823,0.27134947765369144,0.5280268685148604
1352,Dropout,0.12693915037743853,0.3451557622050346,0.527905087417527
1356,Dropout,0.06266667082915302,0.40992353191418873,0.5274097972566582
22,Dropout,0.16611589677119237,0.3076156757506003,0.5262684274782073
1619,Dropout,0.1916282170740588,0.283213598306074,0.5251581846198672
674,Dropout,0.0249267755392298,0.45408493713991616,0.5209882873208541
954,Dropout,0.21287367434946036,0.26978113420922756,0.5173451914413121
1026,Dropout,0.26443831273482515,0.21853176178073194,0.5170299254844429
981,Dropout,0.3331138078977785,0.14995567318178968,0.5169305189204318
1676,Dropout,0.08655112695762689,0.40207920191154994,0.5113696711308232
1486,Dropout,0.029369857362781922,0.45945262526657304,0.5111775173706451
567,Dropout,0.15590426346380645,0.3384667942919475,0.5056289422442461
1463,Dropout,0.12571190711626098,0.369814192083059,0.50447390080068
1618,Dropout,0.03239141904108081,0.46315724332253627,0.5044513376363828
1496,Dropout,0.004890745026295741,0.49210417285837255,0.5030050821153318
263,Dropout,0.09358326268381499,0.4041858336404559,0.5022309036757292
880,Dropout,0.023203082070236872,0.47575278987529285,0.5010441280544702
12,Dropout,0.01618447287482612,0.4854625481916109,0.4983529789335631
1438,Dropout,0.370239372964234,0.1315281771065985,0.4982324499291676
524,Dropout,0.14961146472964928,0.35325532004629245,0.4971332152240583
1012,Dropout,0.07533604674730807,0.43019948758497706,0.49446446566771496
