row_id,predicted_label,prob_Graduate,prob_Enrolled,prob_Dropout
637,Dropout,0.0005794868934283938,0.0026791582005674477,0.9967413549060041
1344,Dropout,7.999729772606521e-05,0.003932395277087579,0.9959876074251863
778,Dropout,1.415452263732216e-05,0.004135952660947205,0.9958498928164154
1848,Dropout,0.00030147441656701415,0.004593079007229954,0.9951054465762029
452,Dropout,0.00030147441656701415,0.004593079007229954,0.9951054465762029
1732,Dropout,0.0005288517104375797,0.004517753563383711,0.9949533947261788
136,Dropout,6.87320534467739e-05,0.004991077552003455,0.9949401903945498
714,Dropout,0.0001310588493582448,0.005219203608383951,0.9946497375422579
651,Dropout,0.0017106683866059936,0.0037024903199131534,0.9945868412934807
1490,Dropout,6.842467839452478e-05,0.005359891596597811,0.9945716837250077
1326,Dropout,0.00017008069082583726,0.0065731155739009684,0.9932568037352731
434,Dropout,0.0003424154680078377,0.00663286839609838,0.9930247161358938
922,Dropout,1.3805207618320108e-05,0.007166413882611891,0.9928197809097699
116,Dropout,6.97462419960297e-05,0.007552733101388188,0.9923775206566159
1255,Dropout,0.00011756724865986286,0.007782514238610205,0.9920999185127298
480,Dropout,0.0029429969841768397,0.004958854604347904,0.9920981484114751
100,Dropout,0.0012426981214820286,0.0066606410501031665,0.9920966608284149
1606,Dropout,5.128524267010152e-05,0.008588278706523315,0.9913604360508067
69,Dropout,0.0003601970194090407,0.008648598224141898,0.990991204756449
1833,Dropout,0.0008524511018986034,0.008693375489521449,0.9904541734085799
430,Dropout,0.0008524511018986034,0.008693375489521449,0.9904541734085799
49,Dropout,0.0037054840494649835,0.00587541309773281,0.9904191028528022
1005,Dropout,0.00024589826846751665,0.010035083846370804,0.9897190178851617
161,Dropout,0.00012617525300009352,0.010300754419030238,0.9895730703279696
438,Dropout,6.322213995222781e-06,0.010529066685093682,0.989464611100911
322,Dropout,0.0008866450237081559,0.009793529710223662,0.9893198252660682
296,Dropout,0.0016542791757295939,0.009221000155003475,0.9891247206692669
1053,Dropout,0.0022324155789984743,0.008659998227085476,0.9891075861939159
1279,Dropout,0.00026385335975580407,0.010699188207689817,0.9890369584325543
940,Dropout,7.390438352485955e-05,0.011006622777656756,0.9889194728388185
548,Dropout,0.0030575341567131245,0.008039863228161102,0.9889026026151257
286,Dropout,7.95929205708663e-05,0.011052603949838057,0.9888678031295911
542,Dropout,0.004060717904341988,0.0071283188489475804,0.9888109632467105
1830,Dropout,0.004060717904341988,0.0071283188489475804,0.9888109632467105
1595,Dropout,0.00018206806327831696,0.012459097667142056,0.9873588342695796
102,Dropout,0.0001308793210025254,0.012681462296975119,0.9871876583820225
686,Dropout,0.0015266434497055615,0.011447198199858026,0.9870261583504363
858,Dropout,0.0016682423706793688,0.011306724738442782,0.9870250328908778
723,Dropout,0.001000875556113377,0.012070744727714513,0.9869283797161722
1148,Dropout,0.0021994123978255117,0.010992929419014157,0.9868076581831603
119,Dropout,2.1689342320772584e-05,0.013238954073838101,0.9867393565838412
549,Dropout,0.0001102598634486036,0.013309127290191536,0.9865806128463599
1630,Dropout,0.00024553783133419874,0.013416433235949094,0.9863380289327167
312,Dropout,0.0004667586241173939,0.013407701621694629,0.9861255397541879
1341,Dropout,0.0006013948533337656,0.013501067143104232,0.9858975380035621
273,Dropout,0.0015474819669428685,0.012628856778571031,0.9858236612544862
752,Dropout,5.469841987966395e-05,0.01414382819529843,0.9858014733848218
262,Dropout,0.0005284402418668233,0.013864534151763898,0.9856070256063694
414,Dropout,1.597736064883233e-05,0.015311789341528916,0.9846722332978224
1064,Dropout,0.00012742474543117114,0.015330976283982486,0.9845415989705862
248,Dropout,0.0001686015849108082,0.0153491816758157,0.9844822167392735
245,Dropout,0.00018185590115881313,0.015550743679498796,0.9842674004193425
915,Dropout,0.0007986834806677801,0.014991460042036739,0.9842098564772955
330,Dropout,0.00010439191774315196,0.015700460569712985,0.9841951475125438
847,Dropout,6.950179873607595e-05,0.015876151919347048,0.9840543462819168
806,Dropout,0.001444061138727499,0.014685723525918586,0.983870215335354
531,Dropout,7.859925897185416e-05,0.016137120107272827,0.9837842806337552
1066,Dropout,0.003128032802132827,0.013390555228716856,0.9834814119691504
455,Dropout,0.0013439733507872183,0.016554931445021712,0.982101095204191
586,Dropout,0.0027309676826977537,0.015282355222347513,0.9819866770949547
180,Dropout,0.00012029470471618861,0.017950672123347028,0.9819290331719367
1430,Dropout,0.000454297936062104,0.017871861406923643,0.9816738406570142
1125,Dropout,0.0002356203906701845,0.01901463148612806,0.9807497481232017
1398,Dropout,0.00013406734250033612,0.019406820940615296,0.9804591117168845
1268,Dropout,0.003278032862581568,0.01655054264258311,0.9801714244948353
561,Dropout,0.00011146955839690575,0.019743159072774037,0.980145371368829
282,Dropout,0.00011153405613673799,0.020101431573593623,0.9797870343702697
118,Dropout,1.0287674316374111e-05,0.02040617677903219,0.9795835355466515
35,Dropout,0.005308968569660189,0.015379553696872892,0.9793114777334668
1365,Dropout,3.1605676217161354e-05,0.0208042031795626,0.9791641911442203
1656,Dropout,0.005739537528788068,0.016065201187800863,0.9781952612834112
1444,Dropout,0.0015187023659238236,0.020487637683744474,0.9779936599503317
574,Dropout,0.0009453193254207446,0.02109234899473445,0.9779623316798448
946,Dropout,6.210296446673981e-05,0.022069510958351506,0.9778683860771816
1112,Dropout,0.0025952341080572867,0.01959486416449096,0.9778099017274516
823,Dropout,0.0005227896778278161,0.02188882514878368,0.9775883851733884
622,Dropout,0.00018066894155090564,0.022469300232145373,0.9773500308263038
1766,Dropout,0.0002576947449325583,0.02265820385462399,0.9770841014004435
458,Dropout,0.007068725001625175,0.016158977851096688,0.9767722971472781
546,Dropout,0.007714068522742423,0.015670898173927438,0.9766150333033301
675,Dropout,8.948660376933366e-05,0.02333325274773034,0.9765772606485003
268,Dropout,7.418537190042672e-05,0.023376573584965,0.9765492410431346
591,Dropout,1.4210390924386045e-05,0.023780921453877658,0.976204868155198
68,Dropout,0.003917651178140995,0.020046352643265864,0.9760359961785932
1131,Dropout,0.00013043269287575616,0.024852971653695943,0.9750165956534284
581,Dropout,0.0004452060349579027,0.02519314047977712,0.974361653485265
1777,Dropout,0.0004452060349579027,0.02519314047977712,0.974361653485265
620,Dropout,0.00011419329463296508,0.02659625048179351,0.9732895562235735
1191,Dropout,0.00015231625438604757,0.026748943828391464,0.9730987399172225
238,Dropout,0.0040766763344540335,0.023792192544919846,0.972131131120626
1547,Dropout,0.0005047087312289348,0.028083864695578543,0.9714114265731925
664,Dropout,0.00348651047719386,0.025220548186216905,0.9712929413365893
208,Dropout,0.0003329903587751595,0.028403992009747834,0.9712630176314769
848,Dropout,0.00015637896509353686,0.029773590879902636,0.9700700301550039
545,Dropout,0.0045094390556676646,0.025660676351972344,0.96982988459236
1654,Dropout,0.005512311148246288,0.024811328091653453,0.9696763607601001
614,Dropout,0.0008327320602186208,0.029683092493497595,0.9694841754462838
359,Dropout,3.8727468084935935e-05,0.03078655348304479,0.9691747190488703
780,Dropout,0.001485458346931042,0.029920799988608228,0.9685937416644608
1736,Dropout,8.866242573113394e-05,0.031321655580876906,0.968589681993392
590,Dropout,0.0011690567166857068,0.030305692844860187,0.968525250438454
648,Dropout,0.003000672682069995,0.028993664466893755,0.9680056628510363
271,Dropout,5.0568031073700377e-05,0.03220110614373119,0.9677483258251952
901,Dropout,0.0002584796488718604,0.03205477735172134,0.9676867429994068
242,Dropout,0.006090414222394577,0.027243931463199877,0.9666656543144055
1109,Dropout,0.00313007513645946,0.030337534063323356,0.9665323908002171
1571,Dropout,0.0005786441974279256,0.033349318745783146,0.966072037056789
1022,Dropout,0.005898538186580728,0.02853807263414957,0.9655633891792698
663,Dropout,0.0007611487497276822,0.034821019656466896,0.9644178315938053
643,Dropout,0.0008371445303043709,0.03644943706026925,0.9627134184094264
318,Dropout,0.0010805320854935757,0.03646680411304569,0.9624526638014607
483,Dropout,4.38744570400559e-05,0.03764126547392595,0.9623148600690341
1314,Dropout,8.085046563040167e-05,0.03968083747404109,0.9602383120603286
1701,Dropout,0.00022645427062150582,0.040973214726613284,0.9588003310027651
592,Dropout,0.031099936155716067,0.010226191223051326,0.9586738726212327
704,Dropout,0.005961619391162129,0.03557121786709186,0.958467162741746
865,Dropout,0.008501357571748447,0.034004432727924416,0.9574942097003272
1705,Dropout,0.00011796090104449434,0.04249708125499598,0.9573849578439595
1208,Dropout,0.0002662529280406192,0.04305937198871907,0.9566743750832403
1761,Dropout,0.007985558641868208,0.036276876412499305,0.9557375649456324
111,Dropout,0.0315601013474381,0.013207511552783492,0.9552323870997784
834,Dropout,1.454354775750277e-05,0.04617243027179627,0.9538130261804462
1232,Dropout,0.010347972083366824,0.0372771053465503,0.9523749225700829
1297,Dropout,0.005562053442035013,0.04300126723266307,0.9514366793253021
1093,Dropout,0.003263410142211831,0.04651917569981133,0.9502174141579769
461,Dropout,0.0004040908978068797,0.049473278395637366,0.9501226307065557
599,Dropout,0.0011130230685949857,0.04884915203817387,0.9500378248932311
1019,Dropout,0.0017521196509547637,0.04896694884274459,0.9492809315063007
367,Dropout,0.00011557707326484456,0.05212976663354116,0.947754656293194
1075,Dropout,0.004213053882356013,0.04820681751493028,0.9475801286027137
732,Dropout,0.007080936760596799,0.04569573649820135,0.9472233267412018
70,Dropout,2.0516749314345016e-05,0.053420238443897365,0.9465592448067883
979,Dropout,0.00040363860392474295,0.053391528683304046,0.9462048327127712
1397,Dropout,0.006211681147210803,0.04843612456859796,0.9453521942841913
1635,Dropout,0.0024235734557939014,0.05230330123825755,0.9452731253059484
235,Dropout,0.0009823435580690318,0.05412180223375691,0.944895854208174
366,Dropout,0.004145819706453576,0.05213727090079048,0.943716909392756
399,Dropout,0.0002680583528860594,0.05690477951716504,0.9428271621299489
1201,Dropout,0.0017541401733665194,0.05778842519163719,0.9404574346349962
128,Dropout,0.000352159997307633,0.06166874742213092,0.9379790925805616
1373,Dropout,7.965467574231873e-05,0.062272979016207174,0.9376473663080505
929,Dropout,0.020709795059066696,0.04329095980668112,0.9359992451342521
1645,Dropout,0.00035768930356149995,0.06401000134630579,0.9356323093501326
460,Dropout,0.0163997158440569,0.04991534427178311,0.93368493988416
888,Dropout,0.0014011627052766724,0.06883327334290655,0.9297655639518168
389,Dropout,0.043276420889788836,0.02794012092171476,0.9287834581884965
123,Dropout,3.7961633497916334e-05,0.0720300630501644,0.9279319753163378
855,Dropout,0.00010755569701721282,0.07309339340859149,0.9267990508943913
1009,Dropout,0.0022794877312111634,0.07378481535861041,0.9239356969101784
1073,Dropout,0.0005506525767476728,0.07639701843007353,0.9230523289931788
742,Dropout,0.029883636516580603,0.04887808899182909,0.9212382744915905
671,Dropout,0.036108429593992485,0.0430289428983685,0.920862627507639
958,Dropout,0.00011848666844479992,0.0795790368087446,0.9203024765228105
1729,Dropout,0.010603461204772138,0.06925220781692995,0.920144330978298
883,Dropout,0.003395903941524484,0.07796107732893161,0.9186430187295439
1271,Dropout,0.004435064775623802,0.08017902598032445,0.9153859092440517
231,Dropout,0.046872725655127595,0.03795798084309212,0.9151692935017802
380,Dropout,0.0002841418704885352,0.08497922386581995,0.9147366342636915
662,Dropout,0.002180409347610316,0.084408505129048,0.9134110855233416
684,Dropout,0.0019612515050017915,0.09031497777696375,0.9077237707180345
1218,Dropout,0.06740760593043008,0.025131763848524866,0.9074606302210451
952,Dropout,0.005636835778119292,0.08752017215851773,0.9068429920633629
1275,Dropout,0.00022026683306629663,0.09355552389584613,0.9062242092710875
575,Dropout,0.004012905176805682,0.09060695817967998,0.9053801366435142
1666,Dropout,0.01399043674178451,0.0826525241591252,0.9033570390990904
948,Dropout,0.006585483316487712,0.09109604833761875,0.9023184683458935
1174,Dropout,0.0035441994508286917,0.0946404027821601,0.9018153977670113
410,Dropout,0.0008523400351456372,0.09910632895921534,0.9000413310056389
155,Dropout,7.381027269967812e-05,0.09996394910630002,0.8999622406210003
1386,Dropout,0.003590275784502417,0.09707918069814453,0.899330543517353
1510,Dropout,0.001941777866218114,0.09919167712081368,0.8988665450129681
99,Dropout,0.07084599299238618,0.03159725918073812,0.8975567478268757
195,Dropout,0.006597300896222901,0.09710856674409016,0.8962941323596868
594,Dropout,0.001598273823552429,0.10364535252263858,0.8947563736538089
393,Dropout,0.004739376231374437,0.10237909649142604,0.8928815272771995
60,Dropout,0.0491467297921688,0.05831114473165804,0.8925421254761732
482,Dropout,0.0015471189694201866,0.10646668485817494,0.8919861961724048
394,Dropout,0.057827207191500876,0.05052172847106601,0.891651064337433
1570,Dropout,0.0017740836399218179,0.10745004708137001,0.8907758692787081
1495,Dropout,0.00643945978193614,0.10686171935911827,0.8866988208589457
562,Dropout,0.001477705375131811,0.1136028359611088,0.8849194586637594
462,Dropout,0.0003671314399218681,0.11626417973409779,0.8833686888259803
46,Dropout,0.0007183490172077451,0.11600030242339701,0.8832813485593952
227,Dropout,0.015838638808804262,0.10359482123550995,0.8805665399556859
596,Dropout,0.011731798972657925,0.10809229700105255,0.8801759040262895
1163,Dropout,0.02100119666334653,0.09929695736480981,0.8797018459718436
1638,Dropout,0.014514862704536708,0.10611142463958036,0.8793737126558829
1680,Dropout,0.009573608014468507,0.11118244367478052,0.879243948310751
1611,Dropout,0.008211834359748158,0.11312575492953764,0.8786624107107142
1182,Dropout,0.0035764958876990495,0.11886373425436213,0.8775597698579388
1509,Dropout,0.04232941824293911,0.08176624846425849,0.8759043332928024
882,Dropout,0.0013133817246282044,0.12312193117179995,0.8755646871035719
1550,Dropout,0.0009989736129190326,0.12354147109572076,0.8754595552913602
935,Dropout,0.000812248331024906,0.12457580334775788,0.8746119483212172
1203,Dropout,0.013481173324871412,0.1132883298637316,0.873230496811397
14,Dropout,0.04089072651554063,0.08591836317885394,0.8731909103056054
1335,Dropout,0.008856918151760557,0.1182235954584687,0.8729194863897707
1646,Dropout,0.0012985363823821235,0.12605920826753328,0.8726422553500847
820,Dropout,6.998108661632045e-05,0.12801415495351237,0.8719158639598713
871,Dropout,0.08312796668441698,0.04500342401392258,0.8718686093016604
886,Dropout,0.028029873507363655,0.1006361084559343,0.871334018036702
1782,Dropout,0.028029873507363655,0.1006361084559343,0.871334018036702
504,Dropout,0.006129575202123353,0.12255932778620572,0.8713110970116709
904,Dropout,0.07712410839909226,0.051838492122532796,0.8710373994783749
1318,Dropout,0.015935051922926644,0.1138453015355099,0.8702196465415635
938,Dropout,0.006571998755685163,0.12331408157159797,0.8701139196727168
1765,Dropout,0.0129031336111079,0.11798307945931229,0.8691137869295797
1838,Dropout,0.0129031336111079,0.11798307945931229,0.8691137869295797
1708,Dropout,0.024961895244243415,0.10650566678437569,0.8685324379713808
371,Dropout,0.009036665107740444,0.12272947647840834,0.8682338584138511
1332,Dropout,0.007941091881289506,0.1242115385598219,0.8678473695588886
1786,Dropout,0.03025567184326297,0.10240591513624805,0.867338413020489
207,Dropout,0.03025567184326297,0.10240591513624805,0.867338413020489
1569,Dropout,0.035435559463461205,0.09727499938177125,0.8672894411547676
32,Dropout,0.00624538726046241,0.12675009647337385,0.8670045162661637
872,Dropout,0.05572015361426141,0.07877732351649043,0.8655025228692482
375,Dropout,0.005159887905942063,0.1300014142247823,0.8648386978692756
1105,Dropout,0.06158702661543827,0.0739824809304369,0.8644304924541248
1225,Dropout,0.010157300827049132,0.12863543361402474,0.861207265558926
1024,Dropout,0.0017616683932681462,0.1371716785672573,0.8610666530394745
233,Dropout,0.0061793138456031115,0.13377534412926334,0.8600453420251335
1668,Dropout,0.0013378620195961155,0.13949663566983908,0.8591655023105649
1419,Dropout,0.08681138237399702,0.05427855002535001,0.858910067600653
1141,Dropout,0.021670153725698773,0.12202283796655071,0.8563070083077505
779,Dropout,0.018994729164139055,0.1249620490096306,0.8560432218262303
31,Dropout,0.029603547223914582,0.11750727026355318,0.8528891825125323
385,Dropout,0.012175653134663953,0.13501323292406375,0.8528111139412723
1734,Dropout,0.07154780708410202,0.07641909518745207,0.8520330977284459
350,Dropout,0.005503815799499788,0.1433551172470665,0.8511410669534337
1415,Dropout,0.004336052546787773,0.1450748437031089,0.8505891037501032
602,Dropout,0.010557116175343753,0.13977116502187967,0.8496717188027766
653,Dropout,0.09659311535855239,0.0582849991805262,0.8451218854609214
1103,Dropout,0.028178000068982054,0.12716914924592082,0.8446528506850971
469,Dropout,0.044034363777270456,0.11175937108458202,0.8442062651381476
1527,Dropout,0.05529636314759885,0.10051831741912559,0.8441853194332757
1432,Dropout,0.008243831975074856,0.14767238070047609,0.8440837873244491
255,Dropout,0.003960329434135088,0.1520851628425895,0.8439545077232755
610,Dropout,0.12985042352218268,0.02780547539794536,0.842344101079872
1575,Dropout,0.0039403912292418075,0.15977666815372116,0.836282940617037
1649,Dropout,0.09532904767166625,0.07254524981578366,0.83212570251255
836,Dropout,0.11018282064199761,0.057725003624823225,0.8320921757331792
838,Dropout,0.08475170630584002,0.08371284200364562,0.8315354516905143
1172,Dropout,0.08260360836465232,0.08587865330212557,0.8315177383332222
1658,Dropout,0.012177407866030492,0.15693603866417744,0.830886553469792
353,Dropout,0.08871828647167102,0.08095590633250246,0.8303258071958264
500,Dropout,0.04958756785936557,0.12108721642390476,0.8293252157167297
1594,Dropout,0.0825227591515257,0.08828179413122941,0.8291954467172449
314,Dropout,0.07426763675701667,0.09742718519688535,0.828305178046098
1417,Dropout,0.0007897259324173284,0.1722326508913132,0.8269776231762694
1151,Dropout,0.07711131908656874,0.09625774099056403,0.8266309399228672
632,Dropout,0.08330945947457992,0.09118311018583139,0.8255074303395886
992,Dropout,0.10885663251042932,0.06688922200215618,0.8242541454874145
1551,Dropout,0.0198413367281094,0.15609132853476976,0.8240673347371208
959,Dropout,0.10106448946161514,0.07499748664870177,0.823938023889683
914,Dropout,0.009338304930467306,0.167568584320777,0.8230931107487557
476,Dropout,0.09585155441722373,0.08121130825534568,0.8229371373274306
765,Dropout,0.008151714439047908,0.17119747995079887,0.8206508056101531
1540,Dropout,0.1090399478388738,0.0748931267175693,0.816066925443557
1514,Dropout,0.1303775132107737,0.054901943910543226,0.814720542878683
1366,Dropout,0.02566185854035814,0.1598739814183281,0.8144641600413138
1522,Dropout,0.003748757612894996,0.18180337116766684,0.8144478712194382
1376,Dropout,0.06079906986530006,0.12478560796202796,0.8144153221726721
1773,Dropout,0.009836900065409828,0.1761173658014435,0.8140457341331466
1690,Dropout,0.009836900065409828,0.1761173658014435,0.8140457341331466
912,Dropout,0.004895747264895454,0.18295214730886264,0.8121521054262418
1612,Dropout,0.0819735625495371,0.10610639796620593,0.811920039484257
1152,Dropout,0.03701334454729023,0.1528005789391338,0.8101860765135761
1339,Dropout,0.004614898704445591,0.18546206588172226,0.8099230354138321
1559,Dropout,0.0024632220030367143,0.18790841896816984,0.8096283590287935
1144,Dropout,0.09878578187076761,0.09165917579473554,0.8095550423344968
963,Dropout,0.1242610152316384,0.06762868092993982,0.8081103038384219
722,Dropout,0.038777607003247755,0.15344874928330493,0.8077736437134473
150,Dropout,0.11535982456979967,0.07698365964356854,0.8076565157866319
825,Dropout,0.12201864775636316,0.07096302032617702,0.8070183319174598
1250,Dropout,0.07210145286234274,0.12093868531035178,0.8069598618273054
310,Dropout,0.01137058664572426,0.18209825636530497,0.8065311569889708
1315,Dropout,0.007304870219911985,0.1862346632886663,0.8064604664914218
1675,Dropout,0.0026510897240005996,0.19165709286531984,0.8056918174106795
784,Dropout,0.023559937940563595,0.17137797337754077,0.8050620886818955
397,Dropout,0.00026991524181884557,0.19503608553566246,0.8046939992225187
748,Dropout,0.12494402035856328,0.07278534968091326,0.8022706299605235
1441,Dropout,0.008161143640386634,0.18963007447024563,0.8022087818893677
27,Dropout,0.11383167257154964,0.08405883310016786,0.8021094943282824
1506,Dropout,0.009434128493178429,0.18892650200832883,0.8016393694984928
1346,Dropout,0.011649893722651008,0.1876785358778441,0.8006715703995049
890,Dropout,0.029244081111942866,0.17100830069949977,0.7997476181885573
332,Dropout,0.14681016477889505,0.05562497817983581,0.7975648570412691
608,Dropout,0.09851878446038685,0.104813480100112,0.7966677354395012
1393,Dropout,0.0964043042511293,0.10732070899245429,0.7962749867564164
1166,Dropout,0.10705582285182294,0.09693743476177996,0.796006742386397
758,Dropout,0.01857890090576368,0.1855086467393974,0.795912452354839
1513,Dropout,0.010249662721003817,0.19401546287907256,0.7957348743999236
579,Dropout,0.07140361583135953,0.1341055286257784,0.794490855542862
1472,Dropout,0.009798361926101767,0.19635704492953338,0.793844593144365
1349,Dropout,0.023767611399295535,0.18248114609175045,0.793751242508954
1234,Dropout,0.13252199340332252,0.07406320800312939,0.7934147985935481
481,Dropout,0.0025413439625508465,0.2047801603350467,0.7926784957024025
285,Dropout,0.11100035398001937,0.09641915029999944,0.7925804957199811
558,Dropout,0.07326293476056302,0.1359383440005838,0.7907987212388532
147,Dropout,0.10683537236297522,0.10267281352889775,0.7904918141081271
894,Dropout,0.1271625197753791,0.08340553053480738,0.7894319496898135
1211,Dropout,0.0018946259781022815,0.21228123208658187,0.7858241419353158
1229,Dropout,0.14946943126070947,0.06640060247173683,0.7841299662675537
260,Dropout,0.02897078926175352,0.18742825221571177,0.7836009585225346
1359,Dropout,0.011523905475571085,0.20497111397221185,0.7835049805522171
141,Dropout,0.09327412241871914,0.1234080408504096,0.7833178367308713
1,Dropout,0.021799769709101663,0.1962395653950753,0.7819606648958229
418,Dropout,0.08371604984955026,0.13520734509609636,0.7810766050543535
689,Dropout,0.029284460219778576,0.1905142935265272,0.7802012462536941
336,Dropout,0.06010589893972675,0.16166824738865226,0.778225853671621
1061,Dropout,0.16700110290373607,0.058446092654128354,0.7745528044421356
284,Dropout,0.12958777569876848,0.0962813302934765,0.7741308940077551
343,Dropout,0.0217720426795198,0.20432578162212695,0.7739021756983533
786,Dropout,0.10541658369891713,0.12229679577829615,0.7722866205227867
364,Dropout,0.10439797115557094,0.12462446070449029,0.7709775681399389
705,Dropout,0.12946433573338698,0.10012860376862517,0.7704070604979878
698,Dropout,0.14946896196871504,0.08084192120394657,0.7696891168273384
972,Dropout,0.012272237595857455,0.21811542714036086,0.7696123352637818
216,Dropout,0.00801287795582177,0.2247514970327175,0.7672356250114608
636,Dropout,0.13220415269533245,0.10177304201886427,0.7660228052858034
78,Dropout,0.015491377449396665,0.21935871566572704,0.7651499068848763
1028,Dropout,0.0018586861727368767,0.2352946403899355,0.7628466734373276
1194,Dropout,0.0076801573766180015,0.23197777104352268,0.7603420715798594
944,Dropout,0.01983575807522913,0.21991739938971236,0.7602468425350585
191,Dropout,0.15290743717527214,0.08731593337332545,0.7597766294514023
1670,Dropout,0.14167438904136068,0.09891405105553769,0.7594115599031016
431,Dropout,0.09727080330395903,0.1439861837631352,0.7587430129329058
42,Dropout,0.10845113159087269,0.13314956470419828,0.758399303704929
1806,Dropout,0.01276910272714328,0.2296906043129586,0.7575402929598981
949,Dropout,0.01276910272714328,0.2296906043129586,0.7575402929598981
326,Dropout,0.011412394170651825,0.2311225368638682,0.7574650689654799
1709,Dropout,0.12467137259675438,0.11814721411546533,0.7571814132877803
405,Dropout,0.005135691657899442,0.238297403205672,0.7565669051364285
1246,Dropout,0.005866749796573131,0.23967003293585593,0.7544632172675709
215,Dropout,0.007071936682891283,0.23858514151423849,0.7543429218028702
727,Dropout,0.1824801057814594,0.06330323348188215,0.7542166607366584
1528,Dropout,0.1506595834904976,0.09531679889498158,0.7540236176145207
1023,Dropout,0.15419101624529408,0.09379108723833347,0.7520178965163725
1512,Dropout,0.1609665935221426,0.08727949512278504,0.7517539113550723
1202,Dropout,0.005767991907327349,0.24262210069288645,0.7516099073997862
943,Dropout,0.019637256414753113,0.2288756380343255,0.7514871055509214
706,Dropout,0.13375892255096622,0.11616290548963064,0.7500781719594032
771,Dropout,0.006454768852189195,0.24368889479581235,0.7498563363519984
854,Dropout,0.03716414946235666,0.2141635630530481,0.7486722874845952
1525,Dropout,0.0067218175173570415,0.24595605835333587,0.747322124129307
977,Dropout,0.010007642047604112,0.24287936942074742,0.7471129885316484
715,Dropout,0.152008778875705,0.10199222079336817,0.7459990003309268
875,Dropout,0.031600119416697006,0.22538916162394845,0.7430107189593546
1423,Dropout,0.023106057562890095,0.2340080418086865,0.7428859006284235
3,Dropout,0.18782829277268018,0.07040268500136557,0.7417690222259543
1831,Dropout,0.18782829277268018,0.07040268500136557,0.7417690222259543
1567,Dropout,0.09114681503666855,0.16745554641847418,0.7413976385448572
1834,Dropout,0.0830521202414995,0.17656011788362522,0.7403877618748753
841,Dropout,0.0830521202414995,0.17656011788362522,0.7403877618748753
1140,Dropout,0.17645919879233174,0.08449860518493144,0.7390421960227369
802,Dropout,0.09035887165422357,0.17129247473080014,0.7383486536149761
1007,Dropout,0.003106470135152805,0.26025996079919655,0.7366335690656507
1100,Dropout,0.11378141893812138,0.15110688175085774,0.7351116993110209
812,Dropout,0.10390456316225044,0.16109281193885536,0.7350026248988941
402,Dropout,0.15902368511481627,0.10690189720594971,0.7340744176792341
1038,Dropout,0.16157835936579537,0.10520926464763121,0.7332123759865734
1375,Dropout,0.06005361172838974,0.20808553493941193,0.7318608533321983
471,Dropout,0.02577662361729095,0.243188457276725,0.7310349191059841
67,Dropout,0.15519658953608967,0.11523908625990457,0.7295643242040057
110,Dropout,0.14534946198443,0.12571353496826285,0.7289370030473071
728,Dropout,0.15989999263198892,0.11127302483528732,0.7288269825327238
844,Dropout,0.1744293220256522,0.09759525726754449,0.7279754207068032
1500,Dropout,0.0011634298206218863,0.2718438423202332,0.7269927278591449
1389,Dropout,0.22174177389318653,0.05236622813366778,0.7258919979731457
1579,Dropout,0.03269897489392589,0.24239396883042266,0.7249070562756514
106,Dropout,0.0061726439737214076,0.2701076267282934,0.7237197292979851
1434,Dropout,0.18185537998426857,0.09490101505206157,0.7232436049636699
1067,Dropout,0.0009687078173195768,0.27589117202422514,0.7231401201584554
772,Dropout,0.0029223074600378545,0.2740890616433485,0.7229886308966137
506,Dropout,0.002480715244684424,0.2749968306815144,0.7225224540738011
488,Dropout,0.11595229849451494,0.1622566697072361,0.7217910317982489
1607,Dropout,0.12455339397458064,0.15463532497208407,0.7208112810533353
1489,Dropout,0.00041012349940922885,0.2795780513096143,0.7200118251909765
640,Dropout,0.0022430703327901845,0.2799009778831744,0.7178559517840354
522,Dropout,0.04299696310607068,0.23930196119811423,0.7177010756958151
997,Dropout,0.000886098725919221,0.28152523650141753,0.7175886647726633
1227,Dropout,0.005993900725028948,0.27735291712832916,0.7166531821466419
1484,Dropout,0.013494573822556737,0.27009354948847525,0.7164118766889679
433,Dropout,0.1726217265370492,0.11311167249588751,0.7142666009670634
307,Dropout,0.018781839809504496,0.2690246543444913,0.7121935058460043
1616,Dropout,0.018726773884439173,0.26970531667326186,0.711567909442299
895,Dropout,0.01688853561831609,0.2737858135469024,0.7093256508347815
1462,Dropout,0.20266088240808472,0.08811774626713594,0.7092213713247792
515,Dropout,0.008105792710159756,0.283379154682162,0.7085150526076782
1481,Dropout,0.13682559935102345,0.15489946227802856,0.7082749383709479
1095,Dropout,0.17627954669735157,0.1164153678819365,0.7073050854207119
1000,Dropout,0.02086148618708759,0.2735752170660085,0.7055632967469039
1652,Dropout,0.17888120057140502,0.11621481826733744,0.7049039811612574
1325,Dropout,0.1767105979119134,0.11920025442152517,0.7040891476665614
947,Dropout,0.13664034763082225,0.16099880445755055,0.7023608479116272
1251,Dropout,0.17542326068808098,0.12255018107561076,0.7020265582363082
1186,Dropout,0.15151446684809228,0.14675238458587747,0.7017331485660303
811,Dropout,0.044808744954430234,0.2545384277725164,0.7006528272730533
495,Dropout,0.13947407805473047,0.16008267939901885,0.7004432425462507
1793,Dropout,0.1793447386742891,0.1223162259581723,0.6983390353675385
1536,Dropout,0.1793447386742891,0.1223162259581723,0.6983390353675385
874,Dropout,0.2106264359299774,0.09481823575586135,0.6945553283141612
1433,Dropout,0.0705945473617038,0.23599350469089453,0.6934119479474017
749,Dropout,0.19115527785623468,0.11610535164975763,0.6927393704940076
1351,Dropout,0.21890347106293975,0.0891719923448646,0.6919245365921958
1196,Dropout,0.14494279664463056,0.16316973679683605,0.6918874665585334
48,Dropout,0.2024469089593484,0.10609774706826776,0.6914553439723838
1161,Dropout,0.02214866819360105,0.28650607932249084,0.6913452524839081
808,Dropout,0.13981117712789026,0.17061606249714797,0.6895727603749616
1714,Dropout,0.20826047483722807,0.10272145398921423,0.6890180711735577
164,Dropout,0.051503749754050775,0.25953130210668623,0.688964948139263
1096,Dropout,0.006134672536533367,0.3083041285433467,0.6855611989201199
1274,Dropout,0.006033978398863936,0.31037174252466987,0.6835942790764663
1502,Dropout,0.002185337909184597,0.3156433129462316,0.6821713491445838
1160,Dropout,0.23452673583537909,0.08368355506523173,0.6817897090993892
1783,Dropout,0.23452673583537909,0.08368355506523173,0.6817897090993892
1329,Dropout,0.2308806947263459,0.08810222940161841,0.6810170758720357
1724,Dropout,0.10886681127616647,0.21044168366150226,0.6806915050623313
269,Dropout,0.001860995285463266,0.3180026383841244,0.6801363663304124
1178,Dropout,0.22302451705851759,0.09783048001597822,0.6791450029255042
294,Dropout,0.03351702216227421,0.28750580188773633,0.6789771759499895
1042,Dropout,0.07009776830714602,0.25113292881906346,0.6787693028737906
1259,Dropout,0.006422826063987044,0.3153416465627052,0.6782355273733078
1076,Dropout,0.1879960848700415,0.13385514208829835,0.6781487730416602
1035,Dropout,0.1577838849066678,0.16485212688137715,0.677363988211955
1263,Dropout,0.04029580223110569,0.28331879144492217,0.6763854063239721
1697,Dropout,0.0030590568703309294,0.3228843070420476,0.6740566360876216
344,Dropout,0.20821292548805095,0.11821106778233008,0.6735760067296189
1399,Dropout,0.20793535471122407,0.12085726109765557,0.6712073841911204
125,Dropout,0.11988079665993774,0.21163259072675908,0.6684866126133032
1424,Dropout,0.02899756609931893,0.3030101076681492,0.6679923262325318
1749,Dropout,0.07977834884260582,0.2537178275274511,0.6665038236299431
1533,Dropout,0.00999704510862477,0.3237903243418383,0.6662126305495368
711,Dropout,0.17897722341131422,0.1608873744922052,0.6601354020964805
1804,Dropout,0.17897722341131422,0.1608873744922052,0.6601354020964805
104,Dropout,0.013077285905012205,0.3312669204492663,0.6556557936457215
1142,Dropout,0.24040307208745598,0.10483881437718592,0.6547581135353581
1049,Dropout,0.19595312375441515,0.1503478128572381,0.6536990633883467
356,Dropout,0.028535601886019668,0.31782324850069604,0.6536411496132842
645,Dropout,0.10546002928996347,0.2438416858384755,0.650698284871561
411,Dropout,0.02539822152835474,0.3240052599245981,0.6505965185470471
357,Dropout,0.0015967824492994595,0.34817028738036837,0.6502329301703321
1207,Dropout,0.07100433254602784,0.27957164668099405,0.6494240207729781
88,Dropout,0.02444611538399082,0.3278757379118297,0.6476781467041796
193,Dropout,0.1685739881502287,0.18592792366472718,0.6454980881850441
1555,Dropout,0.003182906368412166,0.3514481910410794,0.6453689025905085
801,Dropout,0.21611662261429204,0.1390017498651953,0.6448816275205126
570,Dropout,0.0021856258469929724,0.3536456016427049,0.6441687725103022
198,Dropout,0.008151269155322362,0.3487387551858435,0.6431099756588341
1565,Dropout,0.011917923116592987,0.34528851569552504,0.642793561187882
1477,Dropout,0.16743540390064368,0.18984024553120846,0.6427243505681479
534,Dropout,0.013520937771857656,0.3440600561919866,0.6424190060361558
1809,Dropout,0.013520937771857656,0.3440600561919866,0.6424190060361558
928,Dropout,0.05646436512933264,0.3037834116729862,0.6397522231976811
761,Dropout,0.27838664522560386,0.08261324340530893,0.6390001113690873
885,Dropout,0.05915882513011486,0.3028959114036483,0.6379452634662369
1818,Dropout,0.11546889049953171,0.25089421883097973,0.6336368906694885
1014,Dropout,0.11546889049953171,0.25089421883097973,0.6336368906694885
1403,Dropout,0.28780316288145064,0.08111529399915582,0.6310815431193935
278,Dropout,0.2573021119375119,0.11356803234784679,0.6291298557146413
1169,Dropout,0.25651605312902603,0.11809720059732007,0.6253867462736539
236,Dropout,0.1870755517410944,0.193553361399669,0.6193710868592365
289,Dropout,0.2758614037435998,0.11041824261926199,0.6137203536371383
957,Dropout,0.0037801926622153285,0.3846439605570307,0.611575846780754
583,Dropout,0.022205394565342377,0.36814217557983764,0.6096524298548199
1370,Dropout,0.2494200751476812,0.14134478657569371,0.6092351382766251
1511,Dropout,0.07248238186075938,0.321412777182164,0.6061048409570766
983,Dropout,0.19911903209960652,0.1950871373687909,0.6057938305316025
1454,Dropout,0.2485411186184044,0.14780624640644432,0.6036526349751513
362,Dropout,0.17592202805797322,0.2210251941572236,0.6030527777848032
1266,Dropout,0.0019136640259502006,0.39742853730934874,0.6006577986647009
1847,Dropout,0.0019136640259502006,0.39742853730934874,0.6006577986647009
646,Dropout,0.049115687460012755,0.35091953856222724,0.59996477397776
306,Dropout,0.24105515275678566,0.15907617644249758,0.5998686708007168
572,Dropout,0.07687526229569595,0.32407876251291823,0.5990459751913857
1810,Dropout,0.07687526229569595,0.32407876251291823,0.5990459751913857
1360,Dropout,0.0100904897571263,0.39118500452651334,0.5987245057163603
642,Dropout,0.03893372801110536,0.36280346495660937,0.5982628070322853
856,Dropout,0.2849403240911058,0.11714509163399649,0.5979145842748977
162,Dropout,0.01656570335004946,0.38615076648522917,0.5972835301647212
1037,Dropout,0.0011840364636780704,0.40187178811960445,0.5969441754167175
757,Dropout,0.0018738762456383864,0.4033433096906333,0.5947828140637283
1115,Dropout,0.09537230756885352,0.3099726683391475,0.594655024091999
814,Dropout,0.13009090139713583,0.27729745283438556,0.5926116457684786
1562,Dropout,0.00437289037642603,0.4037044856085911,0.5919226240149829
363,Dropout,0.23925164292381318,0.16995221561284501,0.5907961414633418
1210,Dropout,0.28467673448756536,0.1250872754284239,0.5902359900840107
1557,Dropout,0.21916818808797658,0.1908311046377823,0.5900007072742411
1662,Dropout,0.31250728460954685,0.09797845884405924,0.5895142565463939
633,Dropout,0.011823688267709815,0.401810216144203,0.5863660955880872
1215,Dropout,0.19031440543519573,0.22636991457067746,0.5833156799941267
1747,Dropout,0.30268511748020394,0.1171522447835717,0.5801626377362245
1631,Dropout,0.045676260415803575,0.37773024492664015,0.5765934946575563
1518,Dropout,0.15253987676365563,0.27210731091168616,0.5753528123246582
824,Dropout,0.009390172365223158,0.41832573344361484,0.572284094191162
1083,Dropout,0.26828892096523826,0.1601012123855654,0.5716098666491963
44,Dropout,0.20469386229745473,0.22441992417124776,0.5708862135312975
1428,Dropout,0.3136083142140797,0.11608540808342048,0.5703062777024998
1619,Dropout,0.18194170387572212,0.24803180789468743,0.5700264882295905
1499,Dropout,0.0736395796589088,0.35767617861623446,0.5686842417248567
1661,Dropout,0.10292994273791974,0.3307446934769945,0.5663253637850858
1114,Dropout,0.006428211718364465,0.42766368369085683,0.5659081045907788
1468,Dropout,0.23766603885888798,0.1967131473014831,0.5656208138396289
985,Dropout,0.21873418756397464,0.21697562182587846,0.564290190610147
152,Dropout,0.031930772961035955,0.40404818230001066,0.5640210447389534
540,Dropout,0.24108669573092384,0.19671011073239517,0.562203193536681
830,Dropout,0.23512107319140665,0.20619534657151964,0.5586835802370738
1791,Dropout,0.21027609215933735,0.23459285529088886,0.5551310525497739
386,Dropout,0.21027609215933735,0.23459285529088886,0.5551310525497739
1017,Dropout,0.0018210867481300442,0.4438933711958557,0.5542855420560143
1121,Dropout,0.3276602243253836,0.11884859138103321,0.5534911842935832
6,Dropout,0.08205768190229046,0.36501230540624513,0.5529300126914644
22,Dropout,0.2014998316280517,0.2510089700436142,0.5474911983283341
1823,Dropout,0.2014998316280517,0.2510089700436142,0.5474911983283341
228,Dropout,0.26395853154853804,0.1914627344138478,0.5445787340376141
654,Dropout,0.2309668188445519,0.22532125302146858,0.5437119281339795
1025,Dropout,0.3261444446417582,0.131356255365066,0.5424992999931758
1822,Dropout,0.37540382177091935,0.08646315452019653,0.538133023708884
760,Dropout,0.37540382177091935,0.08646315452019653,0.538133023708884
1752,Dropout,0.003553354303031292,0.4605026636155138,0.5359439820814549
190,Dropout,0.1278373623184976,0.34113761189164515,0.5310250257898572
1355,Dropout,0.002205248119697258,0.46723149300943906,0.5305632588708638
1026,Dropout,0.25726576144405466,0.21373633314156473,0.5289979054143806
250,Dropout,0.41389022333320435,0.062373531884445804,0.5237362447823498
1608,Dropout,0.11629163607067743,0.36109873031931644,0.5226096336100061
1488,Dropout,0.21123819409325648,0.2675400065938683,0.5212217993128752
954,Dropout,0.19981246270014036,0.2830919922989549,0.5170955450009048
1463,Dropout,0.118145264496512,0.3673240028959858,0.5145307326075022
422,Dropout,0.015967388615216828,0.47001582659514146,0.5140167847896416
973,Dropout,0.003535558562748406,0.4834016730736625,0.5130627683635891
175,Dropout,0.010176214095147039,0.4772581983398648,0.5125655875649882
846,Dropout,0.12682007642208984,0.3617176785930269,0.5114622449848832
279,Dropout,0.3124227326761659,0.17781025838236345,0.5097670089414706
1461,Dropout,0.1776292814161987,0.3142381067477248,0.5081326118360766
1388,Dropout,0.1103423857357307,0.38164123758631946,0.5080163766779499
1134,Dropout,0.29061699173162236,0.20198537646704492,0.5073976318013327
1438,Dropout,0.3829528426599371,0.11165679300930177,0.5053903643307611
859,Dropout,0.045060236530393566,0.4496675809840346,0.5052721824855719
1327,Dropout,0.38148204250111184,0.11568629107095883,0.5028316664279293
1040,Dropout,0.028915288354754213,0.4686406522032252,0.5024440594420205
631,Dropout,0.11510507191376132,0.3834695829551652,0.5014253451310735
1352,Dropout,0.1607965610660134,0.3399261541324154,0.49927728480157124
827,Dropout,0.32130587640313707,0.1804632079469877,0.49823091564987515
429,Dropout,0.3668918188892073,0.1350070276700322,0.4981011534407606
1139,Dropout,0.07762718455926787,0.42485323773965217,0.49751957770108
804,Dropout,0.018378615963035243,0.4844380227724958,0.4971833612644691
1486,Dropout,0.03168548174977572,0.47212708128822206,0.4961874369620022
1684,Dropout,0.009165203436773987,0.49481229976901786,0.4960224967942082
945,Dropout,0.031795110069254874,0.47391105271786316,0.4942938372128821
263,Dropout,0.1017781764558357,0.40539120093844183,0.49283062260572236
644,Dropout,0.025277617132363484,0.4832471211826123,0.4914752616850242
475,Dropout,0.06093022530608682,0.4482854799665333,0.49078429472737994
1289,Enrolled,0.0036793624883816167,0.5055534630090519,0.49076717450256646
209,Dropout,0.023008966042088918,0.4871482902727503,0.48984274368516084
