row_id,predicted_label,prob_Graduate,prob_Enrolled,prob_Dropout
0,Graduate,0.666778763370883,0.229413011352545,0.10380822527657202
1,Dropout,0.023112200830574702,0.16760576635370797,0.8092820328157174
2,Graduate,0.7584718714170123,0.19208442099021486,0.04944370759277293
3,Dropout,0.17466820086373483,0.09628871394312222,0.729043085193143
4,Graduate,0.742487155467619,0.14451172107058036,0.11300112346180058
5,Graduate,0.6612595007632092,0.22219243509099185,0.11654806414579888
6,Dropout,0.08974110156703623,0.3919969234561784,0.5182619749767854
7,Graduate,0.4549275634089862,0.3761651547185199,0.16890728187249388
8,Dropout,0.05320799004766737,0.40456713321410614,0.5422248767382265
9,Graduate,0.510781644340983,0.3297199594024131,0.15949839625660392
10,Enrolled,0.09323583458067754,0.5517113450338618,0.35505282038546065
11,Graduate,0.9150104168397506,0.06491543574882097,0.020074147411428364
12,Dropout,0.06336442423193576,0.45857770125894526,0.4780578745091191
13,Graduate,0.7962208602915551,0.15430125942813414,0.04947788028031079
14,Dropout,0.02355013908862419,0.0819220757497678,0.8945277851616081
15,Graduate,0.7944832559645272,0.15477546357890606,0.05074128045656696
16,Enrolled,0.01733733544598164,0.5355910359097766,0.44707162864424177
17,Graduate,0.5999601306793656,0.20174189094401868,0.1982979783766158
18,Graduate,0.8713779299345932,0.09989917043244037,0.028722899632966384
19,Graduate,0.7662127704537385,0.20481142914591347,0.028975800400348053
20,Graduate,0.9071710676313589,0.043207413436512195,0.04962151893212893
21,Enrolled,0.18881013167459917,0.45441883209866407,0.3567710362267367
22,Dropout,0.09991295021566922,0.29124503774325533,0.6088420120410755
23,Enrolled,0.22030748373098633,0.5619545534471914,0.21773796282182248
24,Graduate,0.9390407183851114,0.04340100786970352,0.017558273745184972
25,Graduate,0.8080683298978634,0.1285689347474189,0.06336273535471787
26,Graduate,0.7545797868410509,0.14637207745157318,0.09904813570737582
27,Dropout,0.08426398174278002,0.09351979360177735,0.8222162246554426
28,Graduate,0.5329703067905197,0.07917479957111029,0.38785489363837
29,Graduate,0.903454659723542,0.07482431851110355,0.021721021765354585
30,Graduate,0.917401096846265,0.05753871917424698,0.025060183979487945
31,Dropout,0.027414858017425547,0.12994114887952682,0.8426439931030476
32,Dropout,0.006162551722688558,0.1050812698612632,0.8887561784160481
33,Enrolled,0.2789827426948845,0.37217671776472133,0.3488405395403941
34,Graduate,0.9310693402815178,0.04589371692968185,0.023036942788800398
35,Dropout,0.03728554040639011,0.061288714883857724,0.9014257447097521
36,Graduate,0.618396533755047,0.19848805781600778,0.18311540842894533
37,Graduate,0.911136298008012,0.07130189837850352,0.017561803613484306
38,Graduate,0.7027455575107452,0.22579595927796936,0.07145848321128553
39,Graduate,0.8224631649439057,0.12993462718360482,0.04760220787248959
40,Graduate,0.8812836828582598,0.0758751512226411,0.042841165919099325
41,Enrolled,0.09201525136416075,0.6976090808449583,0.210375667790881
42,Dropout,0.08923563711351604,0.14537237440544176,0.7653919884810422
43,Graduate,0.6609017717357207,0.28245596386759214,0.05664226439668703
44,Dropout,0.3042145183694065,0.23418692583260226,0.46159855579799114
45,Graduate,0.8167356491095686,0.10814760203157472,0.07511674885885673
46,Dropout,0.0018565251040765613,0.12269897507312805,0.8754444998227953
47,Graduate,0.8293636107744772,0.1123098119863088,0.05832657723921409
48,Dropout,0.15833373286128394,0.13468384818041934,0.7069824189582967
49,Dropout,0.0068781465118490865,0.01129160425337868,0.9818302492347721
50,Graduate,0.9053376109485591,0.07434179663183862,0.020320592419602143
51,Graduate,0.9193005689200183,0.06366348023412405,0.01703595084585765
52,Graduate,0.8949728262126115,0.07923263811041487,0.025794535676973603
53,Graduate,0.5004115306600451,0.37417716888771263,0.12541130045224236
54,Graduate,0.9543338007203747,0.034621364415514326,0.011044834864111145
55,Enrolled,0.17022347209661098,0.44241769481411225,0.3873588330892768
56,Graduate,0.7707168618976591,0.12748350104960812,0.10179963705273296
57,Graduate,0.8139587337952422,0.10912313492320135,0.07691813128155636
58,Graduate,0.6485420080580797,0.1739962575638988,0.17746173437802149
59,Graduate,0.7233569711021678,0.16925432153085404,0.1073887073669782
60,Dropout,0.03296686891764409,0.05702196976385922,0.9100111613184967
61,Graduate,0.7657553212032839,0.18514983516783362,0.04909484362888241
62,Graduate,0.8551200326547421,0.11817536792900123,0.026704599416256566
63,Graduate,0.526581358479894,0.34896042563157326,0.12445821588853272
64,Graduate,0.6114885114254861,0.29466134603464644,0.09385014253986738
65,Graduate,0.962053466848392,0.0290573033249225,0.008889229826685507
66,Graduate,0.6748328373840967,0.23753955467519106,0.08762760794071214
67,Dropout,0.16938324173982225,0.11155153975006396,0.7190652185101137
68,Dropout,0.014820851801588512,0.027297570278036497,0.957881577920375
69,Dropout,0.0007398256677862964,0.012047154880256912,0.9872130194519568
70,Dropout,6.762011957875093e-05,0.04599983871803728,0.953932541162384
71,Graduate,0.5246328995752215,0.2616285077268966,0.21373859269788176
72,Graduate,0.9313365306048722,0.05072875693545171,0.017934712459676032
73,Enrolled,0.039426334228756695,0.5076939809655074,0.4528796848057359
74,Enrolled,0.4272904747353793,0.4423843405162739,0.13032518474834687
75,Graduate,0.7884461350370725,0.1571368283214483,0.05441703664147933
76,Graduate,0.9433392009179414,0.040540402467917916,0.016120396614140678
77,Graduate,0.7854881405834091,0.1630003953146279,0.05151146410196305
78,Dropout,0.011989753928990472,0.18074610425518028,0.8072641418158293
79,Graduate,0.40269691997464246,0.33435939547640703,0.26294368454895056
80,Graduate,0.9031503150508052,0.06725570446016403,0.029593980489030693
81,Graduate,0.8711040617831782,0.10640958933161088,0.022486348885210845
82,Enrolled,0.06117820170702239,0.6060469288172567,0.3327748694757208
83,Graduate,0.8136208016112751,0.14290812436396408,0.043471074024760886
84,Graduate,0.8968058068052848,0.05008590714728622,0.05310828604742886
85,Graduate,0.8777230109959644,0.08441924944844272,0.037857739555592976
86,Graduate,0.7807908658316058,0.13840413611703678,0.08080499805135746
87,Graduate,0.7441975263864007,0.13084255080572263,0.1249599228078768
88,Dropout,0.018498032111165196,0.2895072131920252,0.6919947546968096
89,Enrolled,0.3835804419086943,0.46768278038442446,0.14873677770688115
90,Graduate,0.5005795923335425,0.3492783864338763,0.15014202123258108
91,Graduate,0.5383279265471065,0.2978298925983622,0.1638421808545315
92,Graduate,0.9638761801308954,0.026215289113944953,0.009908530755159866
93,Enrolled,0.22805735535142996,0.4686207516420662,0.30332189300650386
94,Graduate,0.7034882910855185,0.17771333230732908,0.1187983766071524
95,Graduate,0.8586330205396007,0.09285398600784321,0.048512993452556157
96,Graduate,0.8905442583636777,0.07979017561960963,0.02966556601671284
97,Graduate,0.7144031861461618,0.15718293826755997,0.12841387558627815
98,Graduate,0.7821976212827035,0.1633351843771448,0.05446719434015163
99,Dropout,0.19745952795979022,0.04317468540847602,0.7593657866317338
100,Dropout,0.0013267375340590957,0.008875851987193203,0.9897974104787476
101,Graduate,0.8274248808058531,0.14322832334797536,0.02934679584617149
102,Dropout,2.8141107591061725e-05,0.019590507200411732,0.9803813516919971
103,Graduate,0.891104412526485,0.08255004351357693,0.026345543959938007
104,Dropout,0.031580550332212146,0.31286425690475833,0.6555551927630295
105,Graduate,0.5214182472881681,0.32798387950755487,0.15059787320427706
106,Dropout,0.020964983808805585,0.3859654211069898,0.5930695950842046
107,Graduate,0.482116916137084,0.24421273672905577,0.2736703471338602
108,Enrolled,0.18138701491505682,0.44140832972173205,0.3772046553632111
109,Graduate,0.9155109295634497,0.06319837736144411,0.02129069307510611
110,Dropout,0.12118861033721151,0.13374409541738316,0.7450672942454053
111,Dropout,0.023243364050453887,0.018835630756678993,0.9579210051928672
112,Graduate,0.7054091363792344,0.12523196909704612,0.16935889452371952
113,Graduate,0.8928387160819518,0.08274482093255024,0.024416462985498023
114,Graduate,0.877339892344389,0.05219512724253324,0.07046498041307776
115,Graduate,0.5844276303480911,0.23150251093076923,0.18406985872113962
116,Dropout,0.0001262892735310501,0.010113368588654468,0.9897603421378144
117,Enrolled,0.34829739730264486,0.3704613167175568,0.2812412859797984
118,Dropout,1.5823788611593255e-05,0.018563542382745952,0.9814206338286424
119,Dropout,0.0002090604068886793,0.015600850034887766,0.9841900895582236
120,Graduate,0.9336839249114541,0.05137058817261265,0.014945486915933155
121,Graduate,0.7300123108909621,0.16026035903653574,0.10972733007250211
122,Graduate,0.9099442316914633,0.0588464180360563,0.031209350272480275
123,Dropout,6.877733362996401e-05,0.062029512718907366,0.9379017099474626
124,Graduate,0.8548158318666376,0.08520154206009176,0.05998262607327057
125,Dropout,0.14315779844676121,0.24277832627076737,0.6140638752824715
126,Graduate,0.5396239185052302,0.3609351801516799,0.09944090134308992
127,Graduate,0.9098836762152934,0.073820112081869,0.016296211702837547
128,Dropout,0.0009996538570127046,0.05287987436236798,0.9461204717806193
129,Graduate,0.9613533297944111,0.027613647304439715,0.011033022901149327
130,Graduate,0.7318039593716571,0.2054427383946266,0.06275330223371639
131,Graduate,0.8368487953989195,0.10883373586677618,0.05431746873430426
132,Graduate,0.6102894805920285,0.3111971594989184,0.0785133599090531
133,Graduate,0.9112898850224985,0.06840112610968824,0.020308988867813228
134,Graduate,0.9298045921928286,0.05410417670115252,0.016091231106018677
135,Graduate,0.8733186369483552,0.09234230930396425,0.0343390537476805
136,Dropout,0.00017975000523793374,0.006549877626814974,0.993270372367947
137,Graduate,0.894421605722926,0.08048232889002975,0.02509606538704428
138,Graduate,0.594564740887408,0.2695597282989971,0.13587553081359488
139,Graduate,0.8356806900708096,0.10559837234055101,0.05872093758863931
140,Graduate,0.8749321369378438,0.09099904688054601,0.034068816181610125
141,Dropout,0.07635042568325756,0.139143531645552,0.7845060426711905
142,Graduate,0.8285217829728172,0.13732847037527682,0.03414974665190599
143,Graduate,0.8572672245150342,0.11069232437668648,0.032040451108279265
144,Graduate,0.9152665553193869,0.05396124741005521,0.030772197270557702
145,Graduate,0.9040751356350584,0.06689998813052056,0.02902487623442119
146,Graduate,0.48848300366213504,0.23219091869191769,0.2793260776459473
147,Dropout,0.09137392923347257,0.11817230746289997,0.7904537633036275
148,Enrolled,0.2711171525144479,0.41000255934462604,0.318880288140926
149,Enrolled,0.013186737352809959,0.7041532702309976,0.28265999241619244
150,Dropout,0.09157372739516076,0.09123404909099218,0.817192223513847
151,Graduate,0.8281396275895894,0.10431680701042337,0.06754356539998732
152,Dropout,0.039009328630073246,0.3452895354039709,0.6157011359659558
153,Graduate,0.49160452440832236,0.39166663160719534,0.1167288439844822
154,Graduate,0.4109406394140401,0.3794616352729599,0.2095977253130001
155,Dropout,0.0001244373411097518,0.0860074582827945,0.9138681043760958
156,Graduate,0.8234928406178269,0.09349802155962686,0.08300913782254629
157,Graduate,0.5249274013310584,0.22890414561692032,0.2461684530520213
158,Enrolled,0.10437093307770223,0.553744366380455,0.3418847005418427
159,Graduate,0.7841064271088642,0.16795975678032884,0.047933816110806944
160,Graduate,0.5761398341111529,0.2918749310863468,0.13198523480250024
161,Dropout,0.00037384766220803517,0.009171801258920096,0.9904543510788719
162,Dropout,0.014915569759661455,0.33136509373953393,0.6537193365008046
163,Graduate,0.5809617898795153,0.27840486360598476,0.14063334651449996
164,Dropout,0.06714358643210258,0.3025026940467459,0.6303537195211515
165,Graduate,0.9058399503675192,0.06690194317700153,0.027258106455479186
166,Enrolled,0.08418711935173706,0.5614132118208531,0.35439966882740986
167,Graduate,0.8914728603470046,0.06534829335533228,0.043178846297663026
168,Graduate,0.7849138013076934,0.17538644496851144,0.039699753723795174
169,Graduate,0.8158817106481185,0.10235995412616809,0.08175833522571342
170,Graduate,0.8058953948402676,0.12918813549145863,0.06491646966827373
171,Graduate,0.8939926345355862,0.07832767505199292,0.02767969041242084
172,Enrolled,0.08953513418222121,0.5854827105409669,0.3249821552768118
173,Graduate,0.8311207228064795,0.13265712004308705,0.03622215715043355
174,Graduate,0.9550858124138398,0.02870867798976205,0.016205509596398188
175,Dropout,0.01101998272143936,0.35145771383331226,0.6375223034452485
176,Graduate,0.8438158412186882,0.14105367741232006,0.015130481368991837
177,Graduate,0.6058195785797381,0.23937192204073515,0.15480849937952668
178,Enrolled,0.3292172294274193,0.39034021942703573,0.280442551145545
179,Graduate,0.8081421735884506,0.11818125459325483,0.07367657181829454
180,Dropout,0.000280218070213753,0.023789932651499267,0.975929849278287
181,Enrolled,0.40679527084644407,0.42031651391579494,0.17288821523776104
182,Graduate,0.5997540472255491,0.23799722874578827,0.1622487240286627
183,Graduate,0.9019359672469418,0.0727942460256684,0.025269786727389686
184,Graduate,0.911769023368727,0.07217724322887022,0.016053733402402737
185,Enrolled,0.14590615048442585,0.5080483425314458,0.34604550698412817
186,Graduate,0.937406023475229,0.04967963496444655,0.012914341560324278
187,Graduate,0.7300828483978976,0.1882933957509249,0.08162375585117738
188,Enrolled,0.028856110132843827,0.5573564314572269,0.4137874584099292
189,Graduate,0.9203458172322319,0.057640672594044436,0.022013510173723844
190,Dropout,0.10244634136226444,0.3105746522896442,0.5869790063480913
191,Dropout,0.10841811749331227,0.09333519348561327,0.7982466890210744
192,Graduate,0.7282649433341367,0.16858689268037008,0.10314816398549319
193,Dropout,0.21906026771819798,0.20930667888065413,0.5716330534011479
194,Graduate,0.9179399670570427,0.058590213301817316,0.02346981964113987
195,Dropout,0.007306520114577666,0.10315878704244003,0.8895346928429823
196,Graduate,0.6496314304360213,0.24026753285514788,0.11010103670883081
197,Graduate,0.4401933435985147,0.29081090069500826,0.268995755706477
198,Dropout,0.011768996329356175,0.32370655054761155,0.6645244531230322
199,Graduate,0.7137824603799786,0.1784580038417013,0.10775953577832006
200,Graduate,0.5000098493184975,0.3911273912820891,0.10886275939941358
201,Graduate,0.7108827140529189,0.23033515350074935,0.05878213244633187
202,Graduate,0.7385936971884852,0.16624040356983905,0.0951658992416756
203,Enrolled,0.10521881773238266,0.7100901022294738,0.18469108003814352
204,Graduate,0.8618190748370594,0.0764465813759189,0.0617343437870218
205,Enrolled,0.0075671486599796335,0.5676977266926282,0.4247351246473922
206,Graduate,0.4964219966399359,0.2996651498696856,0.20391285349037855
207,Dropout,0.08011553055583887,0.15516481731914128,0.7647196521250198
208,Dropout,0.0003497151700025045,0.02850639748614,0.9711438873438576
209,Dropout,0.011747173707538517,0.4070882984429423,0.5811645278495191
210,Graduate,0.9059648775844502,0.06351433198223397,0.03052079043331572
211,Graduate,0.6312772287544518,0.21626809366561653,0.15245467757993172
212,Enrolled,0.0297029112395301,0.706081511318616,0.2642155774418538
213,Graduate,0.9346825075067118,0.04437768309989648,0.02093980939339171
214,Graduate,0.9099853640685505,0.061171285270163314,0.028843350661286293
215,Dropout,0.00761767519470962,0.1999014549126721,0.7924808698926183
216,Dropout,0.0037627573445995596,0.19121248595919027,0.8050247566962102
217,Graduate,0.5914043410328578,0.25668551117810895,0.15191014778903325
218,Enrolled,0.2603867489108492,0.43149472732645,0.3081185237627009
219,Graduate,0.748430416563536,0.17896273606202878,0.07260684737443525
220,Enrolled,0.19068518879989832,0.4185062954995463,0.39080851570055547
221,Graduate,0.7584241817181998,0.15796321181615416,0.08361260646564604
222,Graduate,0.9297569559398996,0.05027210349616596,0.019970940563934593
223,Graduate,0.9534289704643137,0.037147988210262654,0.009423041325423495
224,Enrolled,0.29570435866321054,0.42424978376247485,0.2800458575743145
225,Graduate,0.7577568773187607,0.19277162630463282,0.0494714963766065
226,Dropout,0.04269512675497646,0.472823569639434,0.48448130360558955
227,Dropout,0.018702994450840393,0.10461844519184074,0.8766785603573188
228,Dropout,0.17733100323290807,0.18157964610664518,0.6410893506604467
229,Graduate,0.8475843996491432,0.11828648423716084,0.034129116113695825
230,Graduate,0.7194200504322286,0.19642971277107857,0.08415023679669292
231,Dropout,0.04660380907774602,0.052623065965135156,0.9007731249571188
232,Graduate,0.9323753472417389,0.0473292323737576,0.020295420384503368
233,Dropout,0.007681008147022735,0.14731123486844624,0.845007756984531
234,Graduate,0.5560325161488299,0.28294882687221645,0.16101865697895376
235,Dropout,0.004021026692391285,0.05695137270834598,0.9390276005992627
236,Dropout,0.30785244307739396,0.14887831391010067,0.5432692430125053
237,Graduate,0.8972494239496126,0.08438913208316795,0.018361443967219487
238,Dropout,0.007004306055617776,0.031093757993009546,0.9619019359513726
239,Graduate,0.5810297849160829,0.3022646928907215,0.1167055221931957
240,Graduate,0.9214969208129932,0.055271268837428694,0.023231810349578226
241,Graduate,0.8658121588173218,0.08670036748956914,0.047487473693109114
242,Dropout,0.00948009723772904,0.03468888137480842,0.9558310213874626
243,Enrolled,0.34786715757299186,0.41282505605271946,0.2393077863742886
244,Graduate,0.8944712231512378,0.07803799430867359,0.0274907825400886
245,Dropout,0.0003686533750006259,0.01657352082399599,0.9830578258010034
246,Graduate,0.7847812802698297,0.13735629992676607,0.07786241980340425
247,Dropout,0.1280819243308927,0.4172336892176438,0.45468438645146353
248,Dropout,0.0005905838940245123,0.018554845603833893,0.9808545705021415
249,Graduate,0.9448808673588277,0.04271088293674388,0.012408249704428297
250,Dropout,0.3063521513602872,0.08173251286512491,0.6119153357745879
251,Graduate,0.7587556843709419,0.15109093078713426,0.09015338484192396
252,Graduate,0.8743762997183273,0.09498116301782904,0.030642537263843733
253,Graduate,0.8479927365267692,0.11131618057651664,0.04069108289671407
254,Graduate,0.5742837670312683,0.25993443672409844,0.16578179624463324
255,Dropout,0.0071231597097397665,0.17199456014534126,0.8208822801449189
256,Graduate,0.9400314390505291,0.051527735065848214,0.008440825883622641
257,Graduate,0.8463966739777468,0.10399391599917011,0.04960941002308318
258,Graduate,0.7765570218918719,0.117495272941962,0.10594770516616608
259,Dropout,0.005249807332138606,0.4170093435705305,0.5777408490973308
260,Dropout,0.1485961093171779,0.3816759791084992,0.4697279115743229
261,Graduate,0.9250564561909348,0.05244524803856973,0.022498295770495304
262,Dropout,0.0016821812720901957,0.018323135389482045,0.9799946833384278
263,Dropout,0.17823777357936335,0.3701152731236526,0.451646953296984
264,Graduate,0.9355837593963513,0.03927739270099331,0.025138847902655505
265,Graduate,0.8213054029199205,0.10329167305011012,0.07540292402996944
266,Graduate,0.9146049535700197,0.059894226279198014,0.02550082015078226
267,Graduate,0.6079929329003191,0.23607955947185114,0.1559275076278298
268,Dropout,0.0001137879001777868,0.0314803591756911,0.9684058529241311
269,Dropout,0.0013876757215249736,0.24190952924095546,0.7567027950375196
270,Graduate,0.8479985858700813,0.11196148901684916,0.040039925113069474
271,Dropout,0.00011625129612367564,0.03731755643882651,0.9625661922650498
272,Graduate,0.6140175000554834,0.24111266284018468,0.14486983710433193
273,Dropout,0.005340627996683984,0.012802820196618337,0.9818565518066976
274,Graduate,0.9407517945339644,0.041716189149438775,0.017532016316596784
275,Graduate,0.8933085221307449,0.0660794692564255,0.04061200861282972
276,Enrolled,0.1885757946042283,0.5071735973585808,0.30425060803719095
277,Graduate,0.954856643876644,0.032954686514118384,0.012188669609237585
278,Dropout,0.19076227236327523,0.1488133230250922,0.6604244046116325
279,Graduate,0.6184169090162087,0.21802171802783235,0.16356137295595888
280,Graduate,0.6477259105232749,0.2645461899960754,0.0877278994806496
281,Enrolled,0.2296217244809361,0.4611230272298174,0.3092552482892464
282,Dropout,7.249062397676153e-05,0.01650537637392956,0.9834221330020937
283,Graduate,0.8005390309072659,0.1535688869828858,0.045892082109848235
284,Dropout,0.10701141318469282,0.11222069716247685,0.7807678896528303
285,Dropout,0.10523565595087904,0.12713182267731102,0.76763252137181
286,Dropout,0.00013436925451080757,0.013177668926782215,0.9866879618187069
287,Graduate,0.8213664126155116,0.1295618109754493,0.04907177640903919
288,Graduate,0.8098955978452661,0.10500996245994666,0.08509443969478725
289,Dropout,0.39273051245737667,0.12628856712544947,0.48098092041717383
290,Graduate,0.9036739412412951,0.07037994474688919,0.02594611401181578
291,Dropout,0.16903186104375173,0.23117782894508487,0.5997903100111635
292,Graduate,0.8595227036699604,0.08708653495635489,0.053390761373684696
293,Graduate,0.8175883001326579,0.1214017374423397,0.06100996242500239
294,Dropout,0.0345529956425908,0.27027655142139595,0.6951704529360133
295,Graduate,0.9229063762362508,0.05952685109274804,0.017566772671000985
296,Dropout,0.003954792093898357,0.014417271480940491,0.9816279364251612
297,Graduate,0.9087219728595699,0.07389248117130204,0.017385545969128134
298,Graduate,0.542328814184042,0.3106554028582367,0.1470157829577213
299,Graduate,0.8327023940209155,0.10963792800186314,0.057659677977221484
300,Graduate,0.8690669363953368,0.09112652144897006,0.03980654215569313
301,Enrolled,0.19024630378190632,0.4279541189387974,0.38179957727929625
302,Graduate,0.8434491127969134,0.09418176674202511,0.062369120461061585
303,Graduate,0.8320476691212537,0.1311489582521223,0.036803372626624094
304,Graduate,0.8292373704721729,0.08418854576664905,0.08657408376117794
305,Graduate,0.871264866108137,0.08139740613946948,0.04733772775239354
306,Dropout,0.161062502508015,0.15583804693005068,0.6830994505619342
307,Dropout,0.0178032779588431,0.23092747755379933,0.7512692444873575
308,Dropout,0.20262713880414804,0.25477292016376213,0.5425999410320897
309,Enrolled,0.05225879384280171,0.5912664805068208,0.3564747256503774
310,Dropout,0.016892767573511155,0.15982401835694063,0.8232832140695482
311,Dropout,0.40855181696846654,0.15095345152032572,0.4404947315112078
312,Dropout,0.0010620570100686347,0.016174795494634745,0.9827631474952967
313,Graduate,0.8644879815363701,0.08755953496326702,0.04795248350036279
314,Graduate,0.4849573942548323,0.11683292885660326,0.39820967688856457
315,Graduate,0.852199516791474,0.11240716817481179,0.03539331503371435
316,Graduate,0.8723638026550087,0.06714608517874358,0.0604901121662476
317,Graduate,0.8366073179842178,0.11994613533378898,0.0434465466819933
318,Dropout,0.0008144685995495234,0.02731174536965204,0.9718737860307984
319,Graduate,0.522344979829034,0.3151372840347409,0.1625177361362249
320,Graduate,0.7651107238014395,0.13268727241251924,0.10220200378604116
321,Enrolled,0.3074230490769913,0.4813846859199086,0.2111922650031003
322,Dropout,0.0010635785455584284,0.014719154337648161,0.9842172671167935
323,Graduate,0.8880294624422029,0.08251538520490616,0.029455152352891006
324,Graduate,0.44649103385549316,0.35203324202829817,0.20147572411620876
325,Graduate,0.5967943766922208,0.258698668189779,0.1445069551180001
326,Dropout,0.09391817874276429,0.394543295818419,0.5115385254388167
327,Graduate,0.9380300329082377,0.04198383637853169,0.01998613071323045
328,Graduate,0.8618993604569665,0.10069281867539152,0.037407820867642036
329,Graduate,0.88120389369242,0.09268714479537346,0.026108961512206548
330,Dropout,0.00017422429489715637,0.020352285971807684,0.9794734897332952
331,Graduate,0.7763282733878207,0.12985720184277483,0.09381452476940444
332,Dropout,0.06693131280049501,0.0944042677695624,0.8386644194299425
333,Graduate,0.9460297514430759,0.041736876770488825,0.012233371786435304
334,Graduate,0.8789182307021601,0.10610629160730659,0.014975477690533147
335,Dropout,0.09885529248968875,0.4299949848687556,0.4711497226415557
336,Dropout,0.21981066051307102,0.31095665750741563,0.4692326819795133
337,Enrolled,0.14594694157670018,0.48452433413011653,0.36952872429318334
338,Graduate,0.4291340658733258,0.25862066142337753,0.31224527270329683
339,Graduate,0.8991596042714245,0.07412369939310344,0.026716696335472127
340,Graduate,0.951927046197031,0.039121390451136565,0.00895156335183245
341,Graduate,0.9094150888858269,0.06621045811611044,0.024374452998062755
342,Graduate,0.8436090236760272,0.09860708307668622,0.05778389324728646
343,Dropout,0.02330710488423296,0.22118983457849903,0.7555030605372681
344,Dropout,0.13455031361933828,0.1271028931998052,0.7383467931808565
345,Graduate,0.8982484800018009,0.07067587022158985,0.031075649776609177
346,Graduate,0.9167592475881468,0.06311473379455035,0.020126018617302944
347,Graduate,0.7946603968442617,0.13854578117809552,0.06679382197764266
348,Graduate,0.8796554826180438,0.08081635552803534,0.03952816185392087
349,Graduate,0.941184123918872,0.04557575663834901,0.013240119442779032
350,Dropout,0.02775873677807049,0.13516113681419978,0.8370801264077297
351,Graduate,0.7096987101936832,0.20561858545798078,0.08468270434833595
352,Graduate,0.4772051621162633,0.23852527792270584,0.2842695599610309
353,Dropout,0.08532168879437861,0.09798078182579695,0.8166975293798244
354,Enrolled,0.38962369028460814,0.47852605614211124,0.13185025357328076
355,Graduate,0.8311697478934588,0.10386406494436308,0.06496618716217815
356,Dropout,0.08061688796276753,0.288286759884283,0.6310963521529493
357,Dropout,0.0017708060252785973,0.28090659994400924,0.7173225940307121
358,Graduate,0.48663327323401495,0.14173884208933,0.3716278846766551
359,Dropout,3.169936850753873e-05,0.03119968920407717,0.9687686114274154
360,Enrolled,0.2952182946377961,0.3641337322178813,0.3406479731443226
361,Graduate,0.8908789867547608,0.08365095735095397,0.02547005589428522
362,Dropout,0.12724145552247798,0.2251676375165414,0.6475909069609805
363,Dropout,0.1133073617109169,0.1607333225958464,0.7259593156932367
364,Dropout,0.08501231117008849,0.13716717710063275,0.7778205117292788
365,Graduate,0.9322317702710526,0.052447794047131034,0.015320435681816316
366,Dropout,0.007205835796324908,0.06442747801168378,0.9283666861919913
367,Dropout,0.0002542858550830757,0.05407227851129379,0.9456734356336232
368,Graduate,0.7473991821399949,0.15638261314611787,0.09621820471388719
369,Enrolled,0.23132558204116507,0.41037982674666096,0.35829459121217405
370,Graduate,0.927827413984057,0.05461627291703628,0.017556313098906658
371,Dropout,0.008170686407499664,0.10994627873123083,0.8818830348612696
372,Graduate,0.873148085836224,0.08115426146777743,0.04569765269599862
373,Graduate,0.9005513016189881,0.06668030950525766,0.032768388875754416
374,Graduate,0.6718915553200598,0.21668712728959533,0.11142131739034476
375,Dropout,0.004369742833775551,0.12252310011062449,0.8731071570556
376,Graduate,0.757099198497704,0.17573092942571683,0.06716987207657903
377,Graduate,0.8736856901218477,0.07673637707678119,0.04957793280137102
378,Graduate,0.8976072651102984,0.041055711004001655,0.061337023885699886
379,Graduate,0.942755272085107,0.04345063341898948,0.01379409449590365
380,Dropout,0.0006111090238788519,0.07285447561670429,0.9265344153594169
381,Graduate,0.9170985252817421,0.05353754847839867,0.029363926239859367
382,Enrolled,0.3743088952288269,0.4156771449961394,0.21001395977503368
383,Graduate,0.8690950923998142,0.07777306852677643,0.05313183907340938
384,Graduate,0.8405945436774808,0.11209682897812905,0.04730862734439027
385,Dropout,0.01623078023722498,0.17881125772454803,0.804957962038227
386,Dropout,0.11297318907361502,0.2234603818794399,0.6635664290469451
387,Graduate,0.79251405303649,0.11574315529031137,0.09174279167319854
388,Graduate,0.8698656379832799,0.10013031099078558,0.03000405102593447
389,Dropout,0.045719810921920886,0.03627296579039872,0.9180072232876804
390,Graduate,0.8448867192722476,0.12568961112261381,0.029423669605138605
391,Graduate,0.8616144421547374,0.12252905492443185,0.015856502920830722
392,Graduate,0.49817419478831637,0.3945694499911602,0.10725635522052335
393,Dropout,0.010221053615164937,0.08961510555336089,0.9001638408314742
394,Dropout,0.1401402057691659,0.04652884678584455,0.8133309474449896
395,Graduate,0.9581436367035265,0.029228757075622273,0.012627606220851094
396,Graduate,0.6571973228250128,0.22794893835732888,0.11485373881765855
397,Dropout,0.0002516132047617695,0.1785764915135937,0.8211718952816445
398,Graduate,0.9585407647497203,0.035186432752030414,0.006272802498249314
399,Dropout,0.000977872939461833,0.06415383894000244,0.9348682881205357
400,Graduate,0.420976490206834,0.22048727931655668,0.3585362304766094
401,Graduate,0.4175240636250973,0.36227795641283544,0.2201979799620672
402,Dropout,0.15079075613287066,0.14405750792649077,0.7051517359406386
403,Graduate,0.8597237865350066,0.10166016332507267,0.03861605013992087
404,Enrolled,0.1721015363648829,0.6902911114760987,0.13760735215901845
405,Dropout,0.016778280478578794,0.2165431894129854,0.7666785301084357
406,Graduate,0.5500539967091495,0.3184688223964544,0.13147718089439622
407,Graduate,0.6195972499972203,0.3008241967839656,0.07957855321881412
408,Enrolled,0.2928146582400799,0.44610254266979216,0.2610827990901278
409,Graduate,0.8186239108451818,0.11761678221916666,0.06375930693565138
410,Dropout,0.0008987085217885418,0.11753576525742246,0.8815655262207891
411,Dropout,0.03721815745914945,0.2992219317921392,0.6635599107487113
412,Graduate,0.9277511622277589,0.05486019318176112,0.017388644590479948
413,Graduate,0.6881292194721889,0.19334733183965347,0.11852344868815765
414,Dropout,9.465624947693623e-06,0.014240405967770943,0.9857501284072813
415,Graduate,0.7806179532148455,0.130511344250107,0.08887070253504746
416,Enrolled,0.030167629120432804,0.7561786114105215,0.21365375946904566
417,Enrolled,0.28930834610101197,0.42349272640784574,0.2871989274911424
418,Dropout,0.13902457926529463,0.11387530861114836,0.747100112123557
419,Graduate,0.9046830505459225,0.06671056548082135,0.028606383973256152
420,Graduate,0.9075495850622712,0.06015963898830597,0.032290775949422826
421,Graduate,0.7910722990310675,0.14754295982564203,0.061384741143290546
422,Dropout,0.010237154210734003,0.33953711160509475,0.6502257341841713
423,Graduate,0.8211036490943887,0.11425024459512374,0.06464610631048745
424,Graduate,0.6135983763761822,0.2991034128225721,0.08729821080124572
425,Graduate,0.913882357795182,0.07236604141664178,0.013751600788176065
426,Graduate,0.9230847625230436,0.05838937042342977,0.018525867053526542
427,Graduate,0.7446876703135565,0.19487829689483002,0.06043403279161336
428,Graduate,0.559606088485534,0.2785334228803769,0.1618604886340891
429,Dropout,0.2347467712676823,0.13982652334268938,0.6254267053896283
430,Dropout,0.003922713206703449,0.010170385911823789,0.9859069008814728
431,Dropout,0.07752040842226454,0.1415332423429939,0.7809463492347417
432,Graduate,0.6271574147473992,0.22529655444882019,0.1475460308037806
433,Dropout,0.1438080810998552,0.11772564553887607,0.7384662733612687
434,Dropout,0.0012529870581679207,0.00738040936170612,0.9913666035801261
435,Graduate,0.9462278038557764,0.0321530863969465,0.02161910974727721
436,Graduate,0.7541285618817601,0.14230291463750694,0.1035685234807329
437,Graduate,0.7998948164959133,0.11803229311644073,0.08207289038764601
438,Dropout,8.97687587310922e-06,0.011364238667298288,0.9886267844568286
439,Graduate,0.9349755496430658,0.04362216512941453,0.021402285227519687
440,Graduate,0.7308777858075075,0.15706360400763358,0.11205861018485894
441,Graduate,0.7926674730353738,0.1550162135965494,0.052316313368076885
442,Graduate,0.9119505111242497,0.06760508040307014,0.02044440847268008
443,Graduate,0.6652261794061924,0.2444777195604828,0.09029610103332468
444,Graduate,0.7710640489723358,0.16772661876026992,0.06120933226739425
445,Graduate,0.8591383723746687,0.061896336221288664,0.07896529140404264
446,Graduate,0.4575438282686843,0.3632594563600202,0.17919671537129553
447,Graduate,0.5876553739787351,0.30535483149598175,0.10698979452528314
448,Graduate,0.8626113100276654,0.09670173169220328,0.04068695828013121
449,Graduate,0.9113965533957817,0.06775619290016692,0.020847253704051365
450,Graduate,0.9113861398999128,0.06727416405411203,0.021339696045975232
451,Graduate,0.8902263692454633,0.07316301438633233,0.036610616368204334
452,Dropout,0.0003638493888709237,0.002649221333269001,0.99698692927786
453,Graduate,0.6885651341543336,0.21388541321299823,0.09754945263266825
454,Enrolled,0.047681632878850404,0.6131825029893758,0.3391358641317737
455,Dropout,0.00637711249691996,0.02182161810715719,0.9718012693959228
456,Graduate,0.7916588104453497,0.1553396487880308,0.05300154076661964
457,Graduate,0.5881063865731564,0.33009754898018967,0.08179606444665394
458,Dropout,0.036714600011345806,0.05515077094847501,0.9081346290401793
459,Graduate,0.5551747258650541,0.32376600321660637,0.12105927091833944
460,Dropout,0.03188859399314335,0.04771648411879093,0.9203949218880657
461,Dropout,0.0013100317701908375,0.06501240934503753,0.9336775588847716
462,Dropout,0.0002318359351465718,0.11776756703685524,0.8820005970279982
463,Graduate,0.8637440870861927,0.10871538829439227,0.027540524619415245
464,Graduate,0.7872813258744801,0.1279334807579231,0.08478519336759678
465,Graduate,0.8700891026163633,0.10693822402904773,0.022972673354589006
466,Graduate,0.6884491213606749,0.232637980341364,0.07891289829796105
467,Graduate,0.935766302564878,0.048478738734570356,0.015754958700551627
468,Graduate,0.7026341970481498,0.18876540797941238,0.10860039497243784
469,Dropout,0.057063609381255855,0.16961529920607155,0.7733210914126727
470,Graduate,0.3967178046314951,0.37671940938575993,0.2265627859827451
471,Dropout,0.019978178393279703,0.19474813233798774,0.7852736892687324
472,Graduate,0.8227066795709056,0.10403273751431921,0.07326058291477519
473,Graduate,0.6526346949085922,0.2893602374365669,0.05800506765484108
474,Graduate,0.8402414249636282,0.11194087731049192,0.04781769772588003
475,Dropout,0.03937615789535922,0.3244651997603384,0.6361586423443023
476,Dropout,0.07173290580409902,0.09011121805153245,0.8381558761443685
477,Graduate,0.5233826110940959,0.25387724557053537,0.22274014333536868
478,Graduate,0.8960541355292404,0.07757381651442741,0.0263720479563322
479,Graduate,0.8527761250207478,0.10106047878904306,0.0461633961902091
480,Dropout,0.001620620718281321,0.005007285772534893,0.9933720935091839
481,Dropout,0.0014501631354125234,0.1830759880369036,0.8154738488276838
482,Dropout,0.004297136114270458,0.1220086106155177,0.8736942532702118
483,Dropout,0.00012019950294563656,0.03850580458172024,0.9613739959153341
484,Graduate,0.8168226701882055,0.12728849639373985,0.05588883341805461
485,Graduate,0.7362680817336122,0.15238103494132316,0.11135088332506468
486,Enrolled,0.3979727612522256,0.45286790866014354,0.1491593300876308
487,Graduate,0.9235677267461038,0.05541540719548714,0.021016866058409283
488,Dropout,0.09293892427656697,0.16405643871970732,0.7430046370037258
489,Graduate,0.838500897243757,0.12307743820666275,0.038421664549580216
490,Dropout,0.31504695382020514,0.29579519475679183,0.389157851423003
491,Graduate,0.7743042441963692,0.19817934354832245,0.027516412255308452
492,Graduate,0.7473726703371298,0.16989976478425348,0.08272756487861684
493,Graduate,0.7200324698005711,0.19342652520319834,0.08654100499623066
494,Graduate,0.786331161725702,0.1426700167356228,0.07099882153867512
495,Dropout,0.2226391430237908,0.19116830134173654,0.5861925556344727
496,Graduate,0.9335047339140815,0.044282146054160705,0.02221312003175782
497,Graduate,0.8558717780821079,0.09914982243293435,0.044978399484957764
498,Graduate,0.45474725543131844,0.3870935656602415,0.15815917890844008
499,Graduate,0.9637176925817938,0.027463057926663124,0.008819249491543075
500,Dropout,0.09084950133424244,0.10165876083843411,0.8074917378273235
501,Enrolled,0.10820227112646287,0.4934154751562491,0.3983822537172879
502,Graduate,0.9016228174783991,0.07331857222515366,0.02505861029644734
503,Graduate,0.9328212029855499,0.04592666010896257,0.021252136905487346
504,Dropout,0.0060962059142775395,0.1417386730303727,0.8521651210553498
505,Graduate,0.7772813999300765,0.14461702684589806,0.07810157322402551
506,Dropout,0.0032142706391189084,0.21087418886946113,0.78591154049142
507,Enrolled,0.35559635648640814,0.5110722390238381,0.1333314044897537
508,Graduate,0.5257727971432145,0.3702909151564039,0.10393628770038157
509,Graduate,0.8375876292379412,0.10077139510226046,0.06164097565979837
510,Graduate,0.6353904384137397,0.21805989486756194,0.14654966671869846
511,Graduate,0.7867020855775537,0.11730239752933223,0.09599551689311404
512,Graduate,0.5636149480693389,0.2730525235648366,0.1633325283658244
513,Graduate,0.840752663995133,0.11152557575706505,0.04772176024780177
514,Graduate,0.8248884110527155,0.1170032964494915,0.05810829249779301
515,Dropout,0.005656959082521412,0.2760116458277047,0.718331395089774
516,Graduate,0.9606043487169553,0.030866213782728327,0.008529437500316409
517,Dropout,0.18417644222472604,0.2897661201272964,0.5260574376479775
518,Graduate,0.7384528860154324,0.15125389123055827,0.11029322275400937
519,Enrolled,0.28563091237689914,0.6126996723780458,0.10166941524505496
520,Graduate,0.46491533155606696,0.3149426118592168,0.2201420565847163
521,Graduate,0.51697648019434,0.20210605954371316,0.2809174602619469
522,Dropout,0.03820967869767058,0.22904880451311138,0.7327415167892182
523,Graduate,0.9205694894234046,0.05673013531289802,0.02270037526369749
524,Dropout,0.14153727900753832,0.350164423512527,0.5082982974799346
525,Graduate,0.8929114689171016,0.0630797397563553,0.044008791326542965
526,Graduate,0.745283423629582,0.1603194274055917,0.09439714896482639
527,Graduate,0.9095608327774668,0.07480866558567498,0.01563050163685829
528,Graduate,0.7826884267940627,0.13829355523984313,0.07901801796609424
529,Enrolled,0.0588879564863578,0.536417962197148,0.4046940813164943
530,Graduate,0.8984455865534839,0.07423283389290407,0.02732157955361192
531,Dropout,9.554828345496724e-05,0.017930670084577306,0.9819737816319678
532,Graduate,0.7622246250116954,0.16232530296386363,0.07545007202444103
533,Graduate,0.8693231020812777,0.09480452430384251,0.03587237361487992
534,Dropout,0.027773614404619763,0.2933798709225024,0.6788465146728779
535,Graduate,0.5645293520048046,0.13272694045632966,0.3027437075388657
536,Graduate,0.7807895212929501,0.14932495234767354,0.06988552635937637
537,Enrolled,0.026587452126010675,0.558425663859686,0.41498688401430334
538,Graduate,0.909116385603727,0.06907490943325363,0.02180870496301928
539,Graduate,0.7708339049089423,0.19786186302730446,0.031304232063753254
540,Dropout,0.15789227402737008,0.18830813382709072,0.6537995921455392
541,Dropout,0.1051998213168126,0.3980376324309419,0.4967625462522455
542,Dropout,0.006631352367392995,0.012128961961071657,0.9812396856715354
543,Graduate,0.7739726992265429,0.14387931588540076,0.08214798488805643
544,Graduate,0.7160112801719517,0.2006300669931021,0.08335865283494642
545,Dropout,0.0031136365270756287,0.029376723985823635,0.9675096394871007
546,Dropout,0.012780873298499825,0.027346668946570687,0.9598724577549296
547,Graduate,0.9223702050113929,0.06171159322745996,0.01591820176114714
548,Dropout,0.0037136666132508134,0.013282968895880348,0.9830033644908688
549,Dropout,0.00021394586696914713,0.013560513492750538,0.9862255406402803
550,Graduate,0.5178487485893533,0.36026999778990415,0.12188125362074269
551,Graduate,0.8419549516957588,0.10466033407689634,0.05338471422734483
552,Graduate,0.6335430850017992,0.2223326118632815,0.14412430313491922
553,Graduate,0.8462375154339119,0.11711693458261944,0.036645549983468625
554,Enrolled,0.02460717632443536,0.5285160945015044,0.4468767291740602
555,Graduate,0.962530432865462,0.03272244878211237,0.004747118352425446
556,Graduate,0.8757827330491053,0.06601149655992707,0.05820577039096776
