row_id,predicted_label,prob_Graduate,prob_Enrolled,prob_Dropout
0,Graduate,0.6898669674809417,0.22540818330287898,0.08472484921617937
1,Dropout,0.021632128724667337,0.16456207508217982,0.8138057961931527
2,Graduate,0.7520995773745075,0.19546883802048481,0.0524315846050077
3,Dropout,0.17146775634267916,0.09318445119130897,0.735347792466012
4,Graduate,0.7438224673342462,0.13965449344087896,0.11652303922487478
5,Graduate,0.6576006999414568,0.21827911940329164,0.12412018065525172
6,Dropout,0.08733927634829683,0.37605928008949663,0.5366014435622065
7,Graduate,0.45758805522601276,0.36173956194503076,0.18067238282895637
8,Dropout,0.05487422940323743,0.4184308218963892,0.5266949487003735
9,Graduate,0.5072186291369241,0.33022696319876266,0.16255440766431314
10,Enrolled,0.09530270693505657,0.5482874512330694,0.35640984183187413
11,Graduate,0.9166470763804067,0.06355866086224252,0.019794262757350724
12,Dropout,0.06393072266446412,0.46041126963894946,0.47565800769658634
13,Graduate,0.8017250694040027,0.14822120884264256,0.05005372175335493
14,Dropout,0.03540317170880818,0.1123426178606997,0.8522542104304921
15,Graduate,0.7922615583023987,0.15559916876406055,0.05213927293354083
16,Enrolled,0.02404999158718356,0.5560186260160707,0.41993138239674566
17,Graduate,0.596614923269661,0.20388048029204728,0.1995045964382918
18,Graduate,0.8729947632911956,0.09816829274894948,0.028836943959854793
19,Graduate,0.7210896123167694,0.16127750573374444,0.11763288194948605
20,Graduate,0.9167618530655205,0.04285807440925682,0.04038007252522266
21,Enrolled,0.1771404772963462,0.43901759626797227,0.3838419264356816
22,Dropout,0.1420597165015057,0.3138353340640105,0.5441049494344838
23,Enrolled,0.216271231782994,0.5488119836398949,0.23491678457711102
24,Graduate,0.9654378516217902,0.02801941360002489,0.006542734778185048
25,Graduate,0.8082411518377098,0.12306708973850346,0.06869175842378662
26,Graduate,0.7733296041223491,0.146038012765556,0.08063238311209502
27,Dropout,0.08314802111838758,0.09004228927689653,0.8268096896047159
28,Graduate,0.5779122615658892,0.07976645326336339,0.3423212851707474
29,Graduate,0.9053746565470192,0.07330303063171521,0.021322312821265624
30,Graduate,0.9230351339406111,0.055498446043088005,0.021466420016300725
31,Dropout,0.024697213277410864,0.1403209244707459,0.8349818622518431
32,Dropout,0.005853231937151969,0.09749364441825616,0.8966531236445918
33,Enrolled,0.27070189411509116,0.36537982067245656,0.3639182852124522
34,Graduate,0.9315392694033552,0.04473639443772352,0.02372433615892141
35,Dropout,0.007223285373088647,0.02927276459709877,0.9635039500298125
36,Graduate,0.6136163626701594,0.19881602750452107,0.1875676098253196
37,Graduate,0.9145992108800862,0.06822456462797169,0.017176224491942275
38,Graduate,0.7225079524863128,0.22129596942927277,0.05619607808441439
39,Graduate,0.8181858878357818,0.13056434372920872,0.051249768435009564
40,Graduate,0.8942100201235959,0.07233986371138879,0.033450116165015385
41,Enrolled,0.09661262011138676,0.6930920610775516,0.2102953188110615
42,Dropout,0.08807683877363588,0.1424776040482925,0.7694455571780716
43,Graduate,0.6832852226231907,0.26767968004230114,0.04903509733450814
44,Dropout,0.19267045360432133,0.24496658692779183,0.5623629594678868
45,Graduate,0.8164670301123288,0.10529686808500391,0.0782361018026674
46,Dropout,0.0009391136043753309,0.10258981462304613,0.8964710717725785
47,Graduate,0.8449520095877524,0.11007587496781104,0.0449721154444366
48,Dropout,0.15742451480828865,0.13131627071357105,0.7112592144781403
49,Dropout,0.0031869048852513765,0.009355154296873938,0.9874579408178746
50,Graduate,0.9079697371020756,0.07197262413405232,0.020057638763872128
51,Graduate,0.9220334747889212,0.0612727995540372,0.01669372565704171
52,Graduate,0.8965593787406922,0.07731616390619721,0.026124457353110683
53,Graduate,0.49919289215249063,0.36704244421743454,0.13376466363007486
54,Graduate,0.9580606582230009,0.033074308452693574,0.00886503332430545
55,Enrolled,0.1681664194076448,0.42944510844236244,0.40238847214999274
56,Graduate,0.7650936110286521,0.12803779702722037,0.10686859194412764
57,Graduate,0.8166175186461746,0.10831280889601642,0.07506967245780899
58,Graduate,0.6555995525898191,0.17090291405960836,0.17349753335057258
59,Graduate,0.8103808929484804,0.12897549585735918,0.06064361119416055
60,Dropout,0.031284771070459516,0.05240648705023354,0.9163087418793069
61,Graduate,0.7705599715294115,0.18026380478935464,0.0491762236812339
62,Graduate,0.866267376666779,0.11282256985404272,0.02091005347917813
63,Graduate,0.5316366812697342,0.34409470648000784,0.1242686122502579
64,Graduate,0.6192358701746458,0.29802741005051075,0.08273671977484334
65,Graduate,0.9626154067985363,0.02878407395818587,0.008600519243277838
66,Graduate,0.7065746510668973,0.22702483269071622,0.06640051624238653
67,Dropout,0.16152343629690316,0.12352639808076196,0.7149501656223349
68,Dropout,0.007634505868844618,0.024652166140245083,0.9677133279909103
69,Dropout,0.0003247351936285043,0.009894106145609562,0.9897811586607619
70,Dropout,4.8204297702199224e-05,0.04700923362817175,0.9529425620741262
71,Graduate,0.5311099611009367,0.2627834014029272,0.20610663749613617
72,Graduate,0.9367413462272566,0.04839690093789788,0.014861752834845459
73,Enrolled,0.042503502930330395,0.5292857574559374,0.42821073961373224
74,Enrolled,0.42203857870503375,0.44688275803636046,0.13107866325860587
75,Graduate,0.7962986924877935,0.15764151577929408,0.04605979173291235
76,Graduate,0.9437030666838626,0.04085487215562342,0.015442061160513876
77,Graduate,0.7837030462833338,0.16307519371782553,0.05322175999884074
78,Dropout,0.011995320320028162,0.17767247015098725,0.8103322095289845
79,Graduate,0.3819307820017061,0.3341232831768205,0.28394593482147346
80,Graduate,0.9050702222771159,0.06605537920648119,0.028874398516402944
81,Graduate,0.8721850566813352,0.10530350950530809,0.022511433813356813
82,Enrolled,0.056162493780150466,0.5768044661877245,0.36703304003212506
83,Graduate,0.8136962664967581,0.14076981291656873,0.04553392058667319
84,Graduate,0.903024224342301,0.05064374799614702,0.04633202766155201
85,Graduate,0.8082219197246091,0.13871557775866356,0.053062502516727256
86,Graduate,0.7937383463736256,0.13654529706009888,0.06971635656627535
87,Graduate,0.7362379418197385,0.13348039727601307,0.1302816609042484
88,Dropout,0.020423763420484978,0.29348511465082233,0.6860911219286927
89,Enrolled,0.38689066561059277,0.45594968830823346,0.15715964608117375
90,Graduate,0.5101945187604114,0.3394577935664996,0.150347687673089
91,Graduate,0.5401671378269249,0.2978134358317927,0.16201942634128236
92,Graduate,0.9674568188614245,0.024964921223782185,0.007578259914793439
93,Enrolled,0.22706208870486191,0.4597105680728083,0.3132273432223298
94,Graduate,0.7327097544601385,0.1712041797777465,0.0960860657621149
95,Graduate,0.9088344395871024,0.0660880885837011,0.025077471829196573
96,Graduate,0.9016544612122176,0.07495280517094112,0.023392733616841258
97,Graduate,0.7415101184268093,0.15279446212958356,0.10569541944360725
98,Graduate,0.7978263407923187,0.1572626875275933,0.04491097168008782
99,Dropout,0.09493528924987624,0.03936433778596571,0.865700372964158
100,Dropout,0.0009524455875554999,0.009274633047078217,0.9897729213653663
101,Graduate,0.8412163770316893,0.13367483956592693,0.02510878340238386
102,Dropout,1.4793555804064054e-05,0.01520740611801109,0.9847778003261849
103,Graduate,0.9016468486800355,0.07742767939104266,0.020925471928921933
104,Dropout,0.030759125409341694,0.3109050908386445,0.6583357837520138
105,Graduate,0.6068638387171137,0.28324288491189903,0.10989327637098716
106,Dropout,0.01017458828945975,0.26171805712829144,0.7281073545822488
107,Graduate,0.5148859089172231,0.2526399212324837,0.23247416985029323
108,Enrolled,0.10344885471357389,0.5951662697238235,0.3013848755626026
109,Graduate,0.9147955685840654,0.0636212575319506,0.02158317388398402
110,Dropout,0.12347784162598063,0.1315041297471596,0.7450180286268597
111,Dropout,0.020560300620684584,0.018243719248716556,0.9611959801305988
112,Graduate,0.6902598511057746,0.12516723698532417,0.1845729119089012
113,Graduate,0.8950609419158722,0.08115406015397582,0.023784997930152037
114,Graduate,0.8836830456228254,0.05186144606363732,0.06445550831353719
115,Graduate,0.5785680048380332,0.23034504473745032,0.19108695042451646
116,Dropout,8.580735258653367e-05,0.0101179482892431,0.9897962443581704
117,Enrolled,0.34868546362078,0.3697064833680816,0.2816080530111384
118,Dropout,1.084402448481452e-05,0.01918203650888637,0.9808071194666287
119,Dropout,9.53476399952233e-05,0.013435392033029354,0.9864692603269755
120,Graduate,0.9384428516112359,0.04959550046179206,0.011961647926972236
121,Graduate,0.7521797786621273,0.1592517717660079,0.08856844957186484
122,Graduate,0.9180516076041303,0.05638858837364025,0.02555980402222954
123,Dropout,5.431416740378788e-05,0.0643750516007133,0.9355706342318828
124,Graduate,0.8657223320429457,0.08345892483721469,0.050818743119839443
125,Dropout,0.0767506543945894,0.23390399190797553,0.689345353697435
126,Graduate,0.5557787422421904,0.36416634749341026,0.0800549102643993
127,Graduate,0.9137729004894729,0.0707176088904813,0.015509490620045654
128,Dropout,0.0004735459141154426,0.04373233618919994,0.9557941178966846
129,Graduate,0.9646100256242655,0.02615644271255779,0.009233531663176737
130,Graduate,0.7350130945861121,0.20398910486069063,0.06099780055319723
131,Graduate,0.838873949145556,0.10683084851293226,0.054295202341511736
132,Graduate,0.7860474045350729,0.18933196697198476,0.02462062849294243
133,Graduate,0.9176548771135082,0.06588463948702442,0.016460483399467266
134,Graduate,0.9305646687738928,0.0537587977464138,0.015676533479693295
135,Graduate,0.8839270096860502,0.0886351506428259,0.027437839671123867
136,Dropout,7.562758118785952e-05,0.005129259799621825,0.9947951126191903
137,Graduate,0.8939628957994837,0.08066911139513998,0.025367992805376344
138,Graduate,0.619602765823606,0.26398438226344273,0.11641285191295124
139,Graduate,0.8363608462956862,0.10458630810888894,0.05905284559542486
140,Graduate,0.8748992982469288,0.09010771525179934,0.03499298650127182
141,Dropout,0.07617841743842418,0.13321167202061204,0.7906099105409639
142,Graduate,0.840233810553377,0.13252482014811864,0.02724136929850447
143,Graduate,0.8687722342225296,0.10585627608037605,0.025371489697094317
144,Graduate,0.9228061225868207,0.05194787446472787,0.02524600294845138
145,Graduate,0.9034072672991968,0.06580020127641527,0.030792531424387922
146,Graduate,0.568298529791294,0.20956323419708733,0.2221382360116187
147,Dropout,0.08787368857769462,0.11221848079669275,0.7999078306256127
148,Enrolled,0.27526461534278435,0.4012803854752431,0.3234549991819726
149,Enrolled,0.01302809935213409,0.6752824253481886,0.31168947529967733
150,Dropout,0.08793025341006735,0.08670072996457646,0.8253690166253562
151,Graduate,0.844443310728528,0.10260941669921199,0.052947272572259986
152,Dropout,0.040022313372522024,0.3485332634083114,0.6114444232191666
153,Graduate,0.4941280398472396,0.3831117497854299,0.12276021036733033
154,Graduate,0.4106525626369085,0.3819075546073048,0.2074398827557866
155,Dropout,6.090494629668056e-05,0.07304532858733874,0.9268937664663647
156,Graduate,0.715997033696149,0.16411231256472883,0.1198906537391222
157,Graduate,0.5156766821384322,0.2330312413955961,0.25129207646597174
158,Enrolled,0.10581660504037768,0.5437158923880075,0.35046750257161485
159,Graduate,0.7844069649339162,0.16662707503497606,0.04896596003110779
160,Graduate,0.5762618431873083,0.288328425081454,0.13540973173123766
161,Dropout,0.00018325544843980317,0.007971184160869784,0.9918455603906905
162,Dropout,0.014996493049980268,0.3287570845060081,0.6562464224440117
163,Graduate,0.5823457459211125,0.26961153008469,0.1480427239941974
164,Dropout,0.05349446832077265,0.31693474104611313,0.6295707906331143
165,Graduate,0.9054694031564107,0.06571507449333933,0.02881552235024995
166,Enrolled,0.08363092803205346,0.5548315861129108,0.36153748585503565
167,Graduate,0.8904744886030017,0.06456732707247272,0.04495818432452555
168,Graduate,0.8019771287031199,0.16573813965260797,0.032284731644272084
169,Graduate,0.8109083779216208,0.10238478744145355,0.08670683463692563
170,Graduate,0.8035354266915976,0.129225003829604,0.06723956947879847
171,Graduate,0.9052205668357612,0.07347581318857979,0.02130361997565877
172,Enrolled,0.1021736290253939,0.6160745243771213,0.28175184659748476
173,Graduate,0.8424766712060046,0.12522716159808092,0.03229616719591456
174,Graduate,0.9647833441774895,0.02919807282749661,0.006018582995014044
175,Dropout,0.011361286297686169,0.3665162309510993,0.6221224827512146
176,Graduate,0.77487510829769,0.18848812396439238,0.03663676773791755
177,Graduate,0.5870751512649528,0.24383471894041625,0.16909012979463095
178,Enrolled,0.32162126720978484,0.4031420204371048,0.27523671235311037
179,Graduate,0.8021323297975099,0.11896615924692379,0.07890151095556613
180,Dropout,0.00020026607114013677,0.023186312039743234,0.9766134218891165
181,Graduate,0.4194735465694611,0.41252046956373806,0.16800598386680085
182,Graduate,0.624127582372348,0.24035082964879012,0.13552158797886202
183,Graduate,0.9079817671436428,0.07064463657693337,0.021373596279423857
184,Graduate,0.9156225687821694,0.06920604094383834,0.015171390273992195
185,Enrolled,0.14603939394967996,0.5109410983627997,0.3430195076875205
186,Graduate,0.9435018268871708,0.04637509498889246,0.010123078123936717
187,Graduate,0.7345411347151812,0.18385772187249114,0.0816011434123276
188,Enrolled,0.02983358493682843,0.5511342560315576,0.419032159031614
189,Graduate,0.9203008809754638,0.056626554152666896,0.023072564871869383
190,Dropout,0.1048633653249853,0.310011967609702,0.5851246670653126
191,Dropout,0.109354112256526,0.09157203516151073,0.7990738525819634
192,Graduate,0.7386182276767795,0.1576304266531716,0.10375134567004875
193,Dropout,0.17207481657873971,0.23084213427957015,0.5970830491416901
194,Graduate,0.9225053393789617,0.057808468441560436,0.01968619217947774
195,Dropout,0.005821112187925516,0.10775023541103801,0.8864286524010365
196,Graduate,0.6724169152041704,0.23525974759211143,0.09232333720371814
197,Graduate,0.4115895623105393,0.3873247603510971,0.2010856773383637
198,Dropout,0.011423271459863554,0.310455190159488,0.6781215383806484
199,Graduate,0.7168978350431046,0.17388449961675206,0.10921766534014331
200,Graduate,0.5080910634103561,0.3774931918920915,0.11441574469755222
201,Graduate,0.7109703030326997,0.2303218187746965,0.058707878192603785
202,Graduate,0.7397890308866638,0.16072364467610392,0.09948732443723221
203,Enrolled,0.10750453952904664,0.7021713612966966,0.19032409917425683
204,Graduate,0.8618678882918042,0.07555286840729424,0.06257924330090171
205,Enrolled,0.007872051622606128,0.5608633557691272,0.4312645926082668
206,Graduate,0.48581128670472296,0.303412272457062,0.21077644083821495
207,Dropout,0.05928027319316923,0.15881154919744978,0.7819081776093809
208,Dropout,0.00016115294318698825,0.023093223760063588,0.9767456232967494
209,Dropout,0.011917023853730174,0.4013388502038867,0.586744125942383
210,Graduate,0.906780562828875,0.06155580036275805,0.031663636808366966
211,Graduate,0.6307575933417471,0.21155988248972657,0.15768252416852627
212,Enrolled,0.04145506523343897,0.724214309242363,0.23433062552419798
213,Graduate,0.9404434077361594,0.04209669614752146,0.017459896116319158
214,Graduate,0.9181327242009322,0.05987277688033749,0.021994498918730298
215,Dropout,0.007354344889096264,0.19321281372015553,0.7994328413907482
216,Dropout,0.0040347393998431055,0.1989981611032474,0.7969670994969095
217,Graduate,0.5921485689956366,0.25199614058692826,0.1558552904174352
218,Enrolled,0.2562320598471828,0.42263947183926887,0.3211284683135483
219,Graduate,0.7506853517534045,0.17576898395684795,0.07354566428974757
220,Enrolled,0.1918325618660537,0.41471951925805023,0.3934479188758961
221,Graduate,0.7596384124349693,0.15595443029803907,0.08440715726699158
222,Graduate,0.929603411976366,0.04974957831862645,0.020647009705007706
223,Graduate,0.9564222692696758,0.036094462080551316,0.00748326864977299
224,Enrolled,0.28135343720327616,0.4190773239665547,0.2995692388301691
225,Graduate,0.7588227033674805,0.19199427526548926,0.049183021367030184
226,Enrolled,0.05698171540481181,0.5000025905906643,0.4430156940045239
227,Dropout,0.009863149219581358,0.09235975227457198,0.8977770985058466
228,Dropout,0.2050673055615706,0.2018716658752568,0.5930610285631726
229,Graduate,0.8509197134095231,0.11535204036122222,0.033728246229254744
230,Graduate,0.7786449819175544,0.161170066472142,0.060184951610303634
231,Dropout,0.04269660517606707,0.05092996172498895,0.906373433098944
232,Graduate,0.9376088057571602,0.04546296851179328,0.016928225731046576
233,Dropout,0.005678730985003526,0.14458571320886335,0.849735555806133
234,Graduate,0.5647559101593426,0.27753338454074844,0.15771070529990894
235,Dropout,0.001868457599189966,0.04664450952011482,0.9514870328806952
236,Dropout,0.3257582803144402,0.15554464660021528,0.5186970730853445
237,Graduate,0.9070924357793744,0.07856382561094648,0.014343738609679047
238,Dropout,0.0033530528763526194,0.0260875126038959,0.9705594345197516
239,Graduate,0.575519955958504,0.3057630799299524,0.11871696411154348
240,Graduate,0.9269341720668998,0.053120054571119533,0.01994577336198079
241,Graduate,0.8746054928556851,0.08489825206570656,0.04049625507860839
242,Dropout,0.004608294997770107,0.029386307964657177,0.9660053970375727
243,Enrolled,0.34219545984393696,0.4132552813338968,0.24454925882216616
244,Graduate,0.9026256138288802,0.07508565306588162,0.022288733105238122
245,Dropout,0.00016894936615939783,0.013805284155679854,0.9860257664781609
246,Graduate,0.7797085409577659,0.13700677282128587,0.08328468622094834
247,Dropout,0.13468622424689078,0.4179453658093295,0.44736840994377963
248,Dropout,0.00044945950093842115,0.018644787661006152,0.9809057528380554
249,Graduate,0.9496651878112226,0.0408098528030067,0.009524959385770665
250,Dropout,0.35157260912472393,0.08935437131553418,0.559073019559742
251,Graduate,0.757935703893705,0.1479964401034541,0.09406785600284089
252,Graduate,0.8743874516837206,0.09470806959747029,0.03090447871880917
253,Graduate,0.8491368902001605,0.10868016091743009,0.042182948882409484
254,Graduate,0.5643297239691272,0.25534567003935293,0.1803246059915199
255,Dropout,0.0033538567229141106,0.14387799955765332,0.8527681437194325
256,Graduate,0.9448674944662242,0.048723199352962876,0.006409306180813029
257,Graduate,0.8463631233556528,0.10027144407001867,0.05336543257432858
258,Graduate,0.7709471033074763,0.11485062015426903,0.11420227653825454
259,Dropout,0.005269910336956744,0.415177071236064,0.5795530184269791
260,Dropout,0.026931723360945584,0.22102641401328044,0.752041862625774
261,Graduate,0.9242242297875207,0.052489594854731744,0.02328617535774762
262,Dropout,0.0012162102150764852,0.01853427964246815,0.9802495101424554
263,Dropout,0.1775798775242176,0.3675784730861473,0.45484164938963506
264,Graduate,0.7311668702051823,0.1018703671603193,0.1669627626344985
265,Graduate,0.8205651186506979,0.10080153056955225,0.07863335077974984
266,Graduate,0.9135012827628504,0.05939027196023693,0.027108445276912856
267,Graduate,0.605668830648014,0.2364016402950193,0.15792952905696664
268,Dropout,7.850711649983845e-05,0.02976370522418343,0.9701577876593167
269,Dropout,0.002038069409879854,0.26909582915969893,0.7288661014304213
270,Graduate,0.8513960048645024,0.1083959685276801,0.04020802660781743
271,Dropout,8.666848147909523e-05,0.037030588322415556,0.9628827431961053
272,Graduate,0.6121400293305671,0.2360132519750739,0.151846718694359
273,Dropout,0.0026765375867697145,0.010929142570413735,0.9863943198428166
274,Graduate,0.9451772370478035,0.03994817847622312,0.014874584475973394
275,Graduate,0.9041435112016509,0.06251161689849292,0.033344871899855986
276,Enrolled,0.19087813541388413,0.5039734546848614,0.3051484099012543
277,Graduate,0.9294505669651767,0.05606758030511152,0.014481852729711631
278,Dropout,0.1902611020885501,0.14469758291277945,0.6650413149986704
279,Dropout,0.3009788581368323,0.25509870629998166,0.44392243556318595
280,Graduate,0.651184406983893,0.26338022689826285,0.08543536611784405
281,Enrolled,0.24782640960730615,0.4774631955312314,0.2747103948614625
282,Dropout,9.717270924350993e-05,0.0212375698871015,0.9786652574036548
283,Graduate,0.8705300962338879,0.10916262561685895,0.02030727814925322
284,Dropout,0.10470608279430686,0.11153563559412852,0.7837582816115647
285,Dropout,0.10170206661633042,0.12226686319486285,0.7760310701888068
286,Dropout,5.635930408225211e-05,0.010461818270508681,0.989481822425409
287,Graduate,0.8269558345179017,0.1268751161799018,0.046169049302196584
288,Graduate,0.8065371165092682,0.10249668931533876,0.09096619417539303
289,Dropout,0.23864658254727739,0.13397179292265413,0.6273816245300685
290,Graduate,0.904174947637254,0.06906140732860343,0.026763645034142497
291,Dropout,0.17098805018205565,0.23333805401943994,0.5956738957985044
292,Graduate,0.8525532220243067,0.09013048339430678,0.05731629458138669
293,Graduate,0.8303771019533567,0.11733878227065304,0.05228411577599025
294,Dropout,0.040642947351131185,0.29682455978029326,0.6625324928685755
295,Graduate,0.9258487212264246,0.05625709076973875,0.017894188003836565
296,Dropout,0.0017619665564148372,0.011691161951984504,0.9865468714916007
297,Graduate,0.9170344774968444,0.06907766755211736,0.013887854951038335
298,Graduate,0.5795340180159558,0.31552469504716396,0.10494128693688023
299,Graduate,0.837037020927048,0.10671347540162747,0.05624950367132451
300,Graduate,0.871784183889974,0.08966042060779214,0.03855539550223386
301,Enrolled,0.18638220418716256,0.41977445240277567,0.3938433434100617
302,Graduate,0.8440741786494849,0.0914655174023671,0.06446030394814797
303,Graduate,0.8244496595913261,0.13696984480632698,0.03858049560234685
304,Graduate,0.8442914363197649,0.08113524120229451,0.07457332247794053
305,Graduate,0.870731892162648,0.08037360352430255,0.04889450431304947
306,Dropout,0.16511153378318302,0.15917680258832437,0.6757116636284926
307,Dropout,0.018499284246778134,0.23174938754709318,0.7497513282061287
308,Dropout,0.21374109157388382,0.2503342393411985,0.5359246690849176
309,Enrolled,0.05263975910599872,0.5852633434355423,0.3620968974584591
310,Dropout,0.01681665096669942,0.16208897401660224,0.8210943750166982
311,Dropout,0.3916923352629211,0.153651241672503,0.4546564230645759
312,Dropout,0.0005169466998817359,0.014230425759978767,0.9852526275401394
313,Graduate,0.8663588993267541,0.08663950588414165,0.04700159478910421
314,Dropout,0.1287951039879957,0.09601263196195087,0.7751922640500535
315,Graduate,0.8538250873557995,0.10993988539999716,0.03623502724420335
316,Graduate,0.8709254994404998,0.06521573461308851,0.06385876594641163
317,Graduate,0.8446763930781617,0.11790343889375088,0.037420168028087473
318,Dropout,0.0004401088115740439,0.024228645378664624,0.9753312458097613
319,Graduate,0.5898640521808292,0.27850652487401195,0.13162942294515895
320,Graduate,0.7581331799281479,0.13200510941315124,0.10986171065870089
321,Enrolled,0.31887954315123307,0.47298381464642253,0.20813664220234446
322,Dropout,0.0007354294316780594,0.013666500070323868,0.9855980704979981
323,Graduate,0.895977538645104,0.07969899678505812,0.02432346456983791
324,Graduate,0.4487610345746804,0.3463706957238688,0.2048682697014509
325,Graduate,0.6136895693874387,0.25838635098508306,0.12792407962747834
326,Dropout,0.016931379511703256,0.22619480402464037,0.7568738164636564
327,Graduate,0.9434075208949719,0.03994309743958612,0.016649381665441807
328,Graduate,0.8645013253328059,0.0983750129474717,0.03712366171972237
329,Graduate,0.8885298779579964,0.08683021463069378,0.02463990741130989
330,Dropout,0.00012558051260642145,0.02019021733396309,0.9796842021534304
331,Graduate,0.7708643566524985,0.12869290976893455,0.100442733578567
332,Dropout,0.08301197879062981,0.09970378933927804,0.817284231870092
333,Graduate,0.9509038389052359,0.039664103125974126,0.009432057968789964
334,Graduate,0.8894637101469438,0.0970956045217207,0.013440685331335335
335,Dropout,0.1020343925645761,0.4344915871005953,0.4634740203348286
336,Dropout,0.06233831928915698,0.21703981874367662,0.7206218619671664
337,Enrolled,0.14252215706166363,0.4719171734788971,0.38556066945943923
338,Graduate,0.42367895820736284,0.2644870623702534,0.3118339794223839
339,Graduate,0.9097388976084326,0.07051906956173425,0.019742032829833136
340,Graduate,0.9569801221759003,0.03617911715842112,0.006840760665678542
341,Graduate,0.9097922678911874,0.0657200909709751,0.024487641137837447
342,Graduate,0.8331063707005901,0.10241020406013887,0.064483425239271
343,Dropout,0.023461236881054615,0.21435451938050923,0.7621842437384362
344,Dropout,0.14138818695458766,0.12669383060714037,0.7319179824382719
345,Graduate,0.8973813800927032,0.06956345713449809,0.033055162772798644
346,Graduate,0.9178771932372152,0.06231764297369563,0.01980516378908921
347,Graduate,0.79875566423672,0.13527347236085266,0.06597086340242739
348,Graduate,0.8773793750964717,0.07942574945448432,0.043194875449044164
349,Graduate,0.9425231271135659,0.04471991095967812,0.012756961926755994
350,Dropout,0.013992786502530713,0.12262347291993062,0.8633837405775387
351,Graduate,0.7168605435347978,0.20395517269546265,0.0791842837697395
352,Dropout,0.33394927031027927,0.28198730013008366,0.384063429559637
353,Dropout,0.0808871775194159,0.09353916001091193,0.8255736624696721
354,Graduate,0.46972629613610617,0.43431560905611505,0.09595809480777871
355,Graduate,0.8314624696926136,0.10121657980404154,0.06732095050334468
356,Dropout,0.07806304702885111,0.2879038482627183,0.6340331047084306
357,Dropout,0.0016563311163680485,0.2716256459326741,0.7267180229509578
358,Graduate,0.4912852336199747,0.13900617181959415,0.3697085945604311
359,Dropout,2.207445409669381e-05,0.02957882062072184,0.9703991049251814
360,Dropout,0.285032283896894,0.3530765384272693,0.36189117767583656
361,Graduate,0.8935020746139121,0.08166755729725313,0.024830368088834712
362,Dropout,0.12962486550086766,0.22554019154563315,0.6448349429534992
363,Dropout,0.14538922254183276,0.18846168982169176,0.6661490876364754
364,Dropout,0.08356228761968613,0.13425821951229003,0.7821794928680238
365,Graduate,0.9384717556803702,0.04921639204344846,0.012311852276181427
366,Dropout,0.0035105178282618275,0.054336223366358447,0.9421532588053798
367,Dropout,0.00012295418622131622,0.046759860019923445,0.9531171857938553
368,Graduate,0.5442238712556143,0.3145037622731134,0.14127236647127225
369,Enrolled,0.2333503204687678,0.4084976408242587,0.3581520387069736
370,Graduate,0.9323253321727146,0.053549315502532495,0.014125352324752928
371,Dropout,0.007862032695443014,0.10817267604816753,0.8839652912563896
372,Graduate,0.8810689834945415,0.08057471154250047,0.03835630496295797
373,Graduate,0.9009919006016383,0.06519577186071532,0.033812327537646604
374,Graduate,0.6699304630556489,0.21216427433975288,0.11790526260459823
375,Dropout,0.003980328575012642,0.11151497248419792,0.8845046989407894
376,Graduate,0.7529064469052346,0.17680239832915234,0.07029115476561314
377,Graduate,0.8858518657662855,0.07300107597957436,0.04114705825414006
378,Graduate,0.8925926565990044,0.04180142051630979,0.06560592288468584
379,Graduate,0.947539576176635,0.04139430713096357,0.011066116692401448
380,Dropout,0.0003077425524162003,0.06556245224155548,0.9341298052060283
381,Graduate,0.9256884369508039,0.05111205750695287,0.023199505542243176
382,Enrolled,0.3710212987952752,0.4152492438228176,0.2137294573819072
383,Graduate,0.8829429280755127,0.07493894235890751,0.042118129565579795
384,Graduate,0.8374249598074768,0.11229906792037468,0.05027597227214862
385,Dropout,0.013764170768409778,0.16212505411808095,0.8241107751135092
386,Dropout,0.12359623548417586,0.22729694570408746,0.6491068188117367
387,Graduate,0.8157410639213325,0.10714434209724967,0.07711459398141782
388,Graduate,0.8715615359097203,0.0982138105152271,0.030224653575052707
389,Dropout,0.04334106373745506,0.03464295468253428,0.9220159815800106
390,Graduate,0.848034885623305,0.1226651333383076,0.02929998103838734
391,Graduate,0.7990443374717415,0.16148106787391625,0.03947459465434225
392,Graduate,0.4940625179588567,0.40519936502568416,0.10073811701545904
393,Dropout,0.00923386969556892,0.08493309886051849,0.9058330314439125
394,Dropout,0.09534281353571401,0.04990016322853045,0.8547570232357555
395,Graduate,0.960999880658027,0.028478351476007694,0.010521767865965488
396,Graduate,0.6843592008495539,0.22103743319367333,0.09460336595677289
397,Dropout,0.0001204062298264544,0.14581778107612484,0.8540618126940487
398,Graduate,0.9617128900390826,0.03355728788151463,0.004729822079402704
399,Dropout,0.00039721531188944203,0.04953550508580545,0.9500672796023051
400,Graduate,0.4766314430447674,0.23052052228982636,0.2928480346654063
401,Graduate,0.4438658182263886,0.36381618723024695,0.19231799454336448
402,Dropout,0.15174170246559457,0.13940379860267604,0.7088544989317292
403,Graduate,0.8686916942905691,0.09770888860207307,0.033599417107357796
404,Enrolled,0.17523073229487204,0.679303584776705,0.1454656829284228
405,Dropout,0.01728603419270336,0.2242337146498108,0.7584802511574859
406,Graduate,0.5516457245865587,0.31662873442945433,0.13172554098398692
407,Graduate,0.617681781776211,0.29949465747615167,0.08282356074763725
408,Enrolled,0.2525582369918256,0.526986928816708,0.2204548341914665
409,Graduate,0.8750142719932061,0.08673770529022735,0.038248022716566535
410,Dropout,0.0006378340272755667,0.11238106123915077,0.8869811047335736
411,Dropout,0.03855160718089918,0.2974045381272555,0.6640438546918453
412,Graduate,0.9324446616628622,0.05351356532997679,0.014041773007161126
413,Graduate,0.6872363278385506,0.18898315188050033,0.12378052028094916
414,Dropout,7.111110012152132e-06,0.013850376634174552,0.9861425122558134
415,Graduate,0.77268835353191,0.13023027630853695,0.097081370159553
416,Enrolled,0.031472351438651236,0.7356866611345755,0.23284098742677328
417,Enrolled,0.3619671013335441,0.412052235318655,0.225980663347801
418,Dropout,0.1440674651067862,0.1188754248808814,0.7370571100123325
419,Graduate,0.9140955014379235,0.06385944994036073,0.02204504862171589
420,Graduate,0.9157906664019747,0.05771513804452559,0.026494195553499817
421,Graduate,0.694314634865567,0.2377712170390923,0.06791414809534077
422,Dropout,0.011227728801303231,0.3498406637424653,0.6389316074562315
423,Graduate,0.8191883467423884,0.11309577385656107,0.0677158794010506
424,Graduate,0.6368640754965573,0.2841661412952352,0.07896978320820756
425,Graduate,0.9154411223703453,0.07160489686127464,0.012953980768380204
426,Graduate,0.9318898978874924,0.05433866558699367,0.013771436525513884
427,Graduate,0.7494983010285156,0.1885183786715126,0.06198332029997173
428,Graduate,0.5527972102506252,0.27603866051318277,0.17116412923619195
429,Dropout,0.28087555610884024,0.15285903469756115,0.5662654091935986
430,Dropout,0.001861756705097733,0.008749805425254352,0.9893884378696479
431,Dropout,0.07657762722225213,0.13710297382670814,0.7863193989510397
432,Graduate,0.6249734526731794,0.2279129199330972,0.14711362739372344
433,Dropout,0.1474270424635664,0.1138269360209132,0.7387460215155203
434,Dropout,0.0005698553909178507,0.006014287155822133,0.99341585745326
435,Graduate,0.9521153546898841,0.030484656817546172,0.017399988492569702
436,Graduate,0.7464899001931757,0.14465091733968835,0.10885918246713605
437,Graduate,0.799426394719345,0.11483354556331173,0.08574005971734346
438,Dropout,5.767631410315692e-06,0.010359435194630385,0.9896347971739592
439,Graduate,0.9405317570655106,0.04313393801779252,0.016334304916696928
440,Graduate,0.8481111417043338,0.10756401549707556,0.04432484279859077
441,Graduate,0.7918718992638206,0.15285209655637075,0.055276004179808505
442,Graduate,0.9136951106868394,0.06577186640006293,0.0205330229130976
443,Graduate,0.6890657399668824,0.23815555016536322,0.07277870986775442
444,Graduate,0.7787939474207762,0.1620532821972333,0.05915277038199046
445,Graduate,0.7749002358212779,0.10757519408463916,0.11752457009408285
446,Graduate,0.5447112060762361,0.3237108893054849,0.1315779046182789
447,Graduate,0.6574394587374313,0.26166279645350815,0.08089774480906052
448,Graduate,0.8655730983810734,0.09401406068714398,0.04041284093178261
449,Graduate,0.9130971305270714,0.06643595124629857,0.020466918226630118
450,Graduate,0.9454935649538596,0.045361132289422935,0.00914530275671736
451,Graduate,0.9022039350161254,0.06876564476913236,0.02903042021474218
452,Dropout,0.00027582615360308794,0.002820073451878558,0.9969041003945184
453,Graduate,0.6926942057828905,0.20821979100794522,0.09908600320916434
454,Enrolled,0.04716172676763965,0.611603089285721,0.3412351839466393
455,Dropout,0.0031045880372678183,0.018763832674287773,0.9781315792884445
456,Graduate,0.792131101966764,0.151586280861276,0.056282617171960175
457,Graduate,0.5886656846214667,0.32662006712381497,0.08471424825471834
458,Dropout,0.007072979797557913,0.026489205333573528,0.9664378148688686
459,Graduate,0.5591077762411681,0.3205620586327763,0.12033016512605556
460,Dropout,0.03144649374708155,0.046522624681140136,0.9220308815717784
461,Dropout,0.0009223676419931099,0.06427422201322494,0.9348034103447819
462,Dropout,0.00017310535308436782,0.11463645629127202,0.8851904383556436
463,Graduate,0.8699610212657317,0.10620739194737545,0.02383158678689287
464,Graduate,0.7829220985921184,0.13014917583106628,0.08692872557681545
465,Graduate,0.8757074404308826,0.10215872430772437,0.02213383526139305
466,Graduate,0.6880342374151969,0.22993544660940077,0.08203031597540233
467,Graduate,0.936354771042976,0.047939478793295555,0.015705750163728386
468,Graduate,0.7023081573510653,0.1867979125549149,0.11089393009401974
469,Dropout,0.02899826697622414,0.14272898866631195,0.828272744357464
470,Graduate,0.4035221400127125,0.37003275713485556,0.22644510285243197
471,Dropout,0.02094191452478722,0.20067406685451167,0.7783840186207011
472,Graduate,0.8222973773177065,0.10143376075855863,0.07626886192373493
473,Graduate,0.6693259971155312,0.28213291611431673,0.04854108677015204
474,Graduate,0.8508526735772516,0.1111603058036811,0.037987020619067356
475,Dropout,0.04716469459092291,0.3769519465727316,0.5758833588363454
476,Dropout,0.07033917180035804,0.08624603316780702,0.843414795031835
477,Graduate,0.5940938609104938,0.22507711120695836,0.18082902788254793
478,Graduate,0.8951911912696078,0.07804172063471145,0.026767088095680836
479,Graduate,0.8537880257591526,0.09770286630376869,0.04850910793707862
480,Dropout,0.0009569835279601478,0.004559144768216524,0.9944838717038234
481,Dropout,0.0013486614581593752,0.17316479995898795,0.8254865385828527
482,Dropout,0.0012627574993967028,0.16932070110176006,0.8294165413988432
483,Dropout,5.715980573738702e-05,0.03263865493958003,0.9673041852546826
484,Graduate,0.8173003233205604,0.12588639344229086,0.05681328323714873
485,Graduate,0.7365942553244281,0.14578488817332563,0.11762085650224621
486,Enrolled,0.39625907304404434,0.4538124745116819,0.1499284524442738
487,Graduate,0.9238804431912054,0.054823021824911694,0.021296534983882967
488,Dropout,0.09476467411360447,0.1630193939725879,0.7422159319138076
489,Graduate,0.84675317731045,0.12177381742782235,0.031473005261727756
490,Dropout,0.314720667078906,0.29495300441433,0.3903263285067641
491,Graduate,0.7915420874948151,0.18597259292642085,0.022485319578763856
492,Graduate,0.733614581513595,0.17464420498812114,0.09174121349828385
493,Graduate,0.7366901826880007,0.19073085007897728,0.07257896723302193
494,Graduate,0.7923308492858101,0.13617543773660118,0.0714937129775888
495,Dropout,0.12407234002660111,0.18043623132799116,0.6954914286454078
496,Graduate,0.9391309833934722,0.0422741048612595,0.01859491174526819
497,Graduate,0.8567021611735205,0.09655242097924276,0.04674541784723673
498,Graduate,0.4534707269778086,0.386890670180225,0.15963860284196646
499,Graduate,0.967078450141014,0.026013826008588783,0.006907723850397313
500,Dropout,0.09729272298673494,0.10654006363146029,0.7961672133818049
501,Enrolled,0.11034503587529546,0.4958221247787496,0.3938328393459549
502,Graduate,0.9032104532077001,0.07163147267527355,0.025158074117026273
503,Graduate,0.9593690893683207,0.03136735858905633,0.009263552042622976
504,Dropout,0.008789425802871755,0.1568011251534262,0.8344094490437021
505,Graduate,0.7750177606085912,0.14226044998331702,0.08272178940809174
506,Dropout,0.003261767611616985,0.20393840882953537,0.7927998235588477
507,Enrolled,0.3500617355526875,0.5155825246199154,0.13435573982739712
508,Enrolled,0.3738228327421087,0.5300385003374477,0.09613866692044373
509,Graduate,0.8334312557785525,0.10217099403274425,0.06439775018870315
510,Graduate,0.6387245510753596,0.20865245917726868,0.15262298974737162
511,Graduate,0.7816146664346296,0.11979929817125011,0.09858603539412028
512,Graduate,0.5683061137224826,0.26924450475720124,0.16244938152031618
513,Graduate,0.8549912009334636,0.10585771042223559,0.03915108864430085
514,Graduate,0.7117817241051779,0.14814361953796543,0.14007465635685667
515,Dropout,0.00513864222828758,0.2520718307789809,0.7427895269927315
516,Graduate,0.9643481355416967,0.029124923968920143,0.006526940489383092
517,Dropout,0.18225489728746783,0.279176680685562,0.5385684220269702
518,Graduate,0.7266304169648605,0.1517353398696133,0.1216342431655262
519,Enrolled,0.2977251228160469,0.5932530089649377,0.10902186821901527
520,Graduate,0.4929724687620308,0.31421697255241005,0.19281055868555905
521,Enrolled,0.28051283102084623,0.36080962638835984,0.3586775425907939
522,Dropout,0.03469395136124476,0.21020487713692193,0.7551011715018334
523,Graduate,0.9203113787601804,0.056605943107287386,0.023082678132532192
524,Dropout,0.14454800514015873,0.3454516170901967,0.5100003777696446
525,Graduate,0.8875107335503363,0.0655725350188812,0.04691673143078256
526,Graduate,0.7605603699965335,0.1611880535576169,0.07825157644584957
527,Graduate,0.9130767088996791,0.07225295118169496,0.014670339918625954
528,Graduate,0.7825194727643477,0.13771981754690993,0.07976070968874248
529,Enrolled,0.11109570661428927,0.5812423774017219,0.3076619159839889
530,Graduate,0.900719048111821,0.07220270920276217,0.02707824268541679
531,Dropout,4.0225988531178025e-05,0.014002699077384589,0.9859570749340842
532,Graduate,0.751233422372789,0.16644129591931936,0.08232528170789156
533,Graduate,0.8781777693373343,0.09231332436159455,0.029508906301071187
534,Dropout,0.02727965462352245,0.2959371244135767,0.6767832209629009
535,Dropout,0.39958676283300243,0.16359795464417268,0.4368152825228249
536,Graduate,0.7840343809607236,0.14429346614505964,0.07167215289421668
537,Enrolled,0.024182623705811125,0.5465274864865562,0.42928988980763266
538,Graduate,0.9102233245660458,0.06747989679921801,0.02229677863473624
539,Graduate,0.7895076819169901,0.18414272944634114,0.02634958863666896
540,Dropout,0.1622520419993248,0.19578509162657176,0.6419628663741034
541,Dropout,0.10267156742621165,0.37271089454236833,0.52461753803142
542,Dropout,0.0031016522341581663,0.010174792178061888,0.9867235555877799
543,Graduate,0.771812688539441,0.14206238189740658,0.08612492956315247
544,Graduate,0.7066239488253864,0.20349686639380224,0.08987918478081147
545,Dropout,0.002635902917161964,0.032632473888774764,0.9647316231940632
546,Dropout,0.006183443623446949,0.02237454604575412,0.9714420103307989
547,Graduate,0.922302003050001,0.06166782947229596,0.01603016747770313
548,Dropout,0.002782556252892417,0.013875059072761327,0.9833423846743463
549,Dropout,9.442219578272327e-05,0.010419283492937274,0.9894862943112801
550,Graduate,0.5174226312452491,0.35267330057221113,0.12990406818253977
551,Graduate,0.8567141510224225,0.09852438700739416,0.04476146197018329
552,Graduate,0.7265183627850286,0.18200979193800387,0.09147184527696767
553,Graduate,0.8519478286065552,0.10964168390952922,0.03841048748391574
554,Enrolled,0.024998101959070044,0.5110861336447311,0.4639157643961987
555,Graduate,0.9418814442854341,0.04538478099364411,0.012733774720921848
556,Graduate,0.8879694501025291,0.06325966413679132,0.04877088576067956
