row_id,predicted_label,prob_Graduate,prob_Enrolled,prob_Dropout
0,Graduate,0.7498336698161302,0.1875636392225551,0.06260269096131466
1,Dropout,0.02168653563634383,0.21140785842897264,0.7669056059346835
2,Graduate,0.7907001417351234,0.1631662516388603,0.04613360662601641
3,Dropout,0.19557793584112546,0.08636266786917678,0.7180593962896978
4,Graduate,0.7292331099602253,0.13263261178047395,0.1381342782593008
5,Graduate,0.6481631817160912,0.22183360168552083,0.13000321659838798
6,Dropout,0.06791781360175404,0.37031825980787697,0.561763926590369
7,Graduate,0.5148287202735116,0.3151547088086426,0.17001657091784583
8,Dropout,0.052153036206316686,0.4519761263844694,0.4958708374092141
9,Graduate,0.42598198569612755,0.37526077269696895,0.19875724160690347
10,Enrolled,0.08071017361098345,0.591489045363961,0.3278007810250556
11,Graduate,0.9221586343134542,0.05774267829787844,0.02009868738866733
12,Enrolled,0.018468153205394796,0.5460880139188781,0.43544383287572724
13,Graduate,0.7804969583504323,0.15305529461311926,0.06644774703644848
14,Dropout,0.03358247558818756,0.08832922332620549,0.8780883010856069
15,Graduate,0.7113390363417794,0.21163677985554713,0.07702418380267352
16,Enrolled,0.028000596676600105,0.5559724583083564,0.4160269450150435
17,Graduate,0.6293720022920474,0.18042519460541961,0.19020280310253299
18,Graduate,0.8134288812181419,0.1391917201775208,0.047379398604337195
19,Graduate,0.7090417030033958,0.18941511865690597,0.10154317833969834
20,Graduate,0.909584707233065,0.041924778921994726,0.04849051384494044
21,Enrolled,0.2962821681614782,0.4482854026670341,0.2554324291714877
22,Dropout,0.1675046149349165,0.26452914175885117,0.5679662433062322
23,Enrolled,0.244475185103751,0.5559642005022676,0.19956061439398146
24,Graduate,0.9609102838924996,0.031360838144415,0.0077288779630854555
25,Graduate,0.8579583111890737,0.09069459118701077,0.051347097623915525
26,Graduate,0.6718575861529594,0.2211828830714988,0.10695953077554186
27,Dropout,0.12584966846257375,0.08055428839022732,0.7935960431471989
28,Dropout,0.3677325818808787,0.10716587289862316,0.5251015452204981
29,Graduate,0.9092286397392091,0.06931394840574977,0.021457411855041252
30,Graduate,0.9084442072628747,0.0631088281838423,0.028446964553283088
31,Dropout,0.02355775250926114,0.1148309933055023,0.8616112541852365
32,Dropout,0.007326771162343332,0.11386273855672434,0.8788104902809324
33,Enrolled,0.3432867336726503,0.34670366792150403,0.3100095984058458
34,Graduate,0.928043911120075,0.04215151003639711,0.0298045788435279
35,Dropout,0.008971743843419928,0.0231432116993575,0.9678850444572226
36,Graduate,0.5660927863003477,0.211738159449587,0.2221690542500654
37,Graduate,0.9112860745192813,0.06898763932431672,0.01972628615640195
38,Graduate,0.7173062217203814,0.22602045937103993,0.056673318908578615
39,Graduate,0.7868747892701916,0.14953138792439286,0.06359382280541552
40,Graduate,0.8929676849137803,0.0690088056143794,0.03802350947184038
41,Enrolled,0.09042775938514211,0.7487177032026922,0.1608545374121657
42,Dropout,0.12985726715531196,0.14447316621807524,0.7256695666266127
43,Graduate,0.7813984512494844,0.18556048863602112,0.03304106011449452
44,Dropout,0.191674934088983,0.22140545446865376,0.5869196114423632
45,Graduate,0.8062802208119885,0.09893750693987707,0.09478227224813453
46,Dropout,0.000698420694141835,0.11615106210492107,0.8831505172009372
47,Graduate,0.8388993735593876,0.11149080241017481,0.049609824030437594
48,Dropout,0.19174771704782922,0.12686683244023986,0.6813854505119309
49,Dropout,0.004053094330179574,0.007829521470582166,0.9881173841992382
50,Graduate,0.9050694339248627,0.0717290871521101,0.02320147892302725
51,Graduate,0.9095997040346895,0.06865876435880368,0.021741531606506836
52,Graduate,0.916198024399326,0.060553850040174065,0.023248125560500068
53,Graduate,0.47699503295706286,0.3653124891032746,0.15769247793966243
54,Graduate,0.9470513612969068,0.04007141401278418,0.012877224690308957
55,Enrolled,0.18527582284732663,0.434582631154184,0.3801415459984895
56,Graduate,0.7729581149355362,0.11491483844708227,0.11212704661738156
57,Graduate,0.8409455532627098,0.09212168107861951,0.06693276565867065
58,Graduate,0.652246651361288,0.1943298656638354,0.15342348297487662
59,Graduate,0.804087510611469,0.13592510018777962,0.0599873892007513
60,Dropout,0.061109675851194305,0.051519572527595085,0.8873707516212105
61,Graduate,0.8265019717274169,0.13524666541379632,0.03825136285878677
62,Graduate,0.8647638962074428,0.11482146943706169,0.020414634355495453
63,Graduate,0.5241744136358445,0.3572757852820997,0.11854980108205573
64,Graduate,0.6037440493080987,0.32004939597264814,0.07620655471925314
65,Graduate,0.9605804978008152,0.029613403003613505,0.009806099195571313
66,Graduate,0.7249783316932018,0.20774599916419872,0.06727566914259951
67,Dropout,0.16770860349629033,0.11212572680629877,0.7201656696974109
68,Dropout,0.003648250872578471,0.023292941866781335,0.9730588072606402
69,Dropout,0.0003462586506118513,0.008209770125953973,0.9914439712234341
70,Dropout,2.7064391677674764e-05,0.05462475887443437,0.9453481767338878
71,Graduate,0.37402814792524397,0.36100923550903763,0.2649626165657183
72,Graduate,0.9388073996320375,0.045831021467990764,0.015361578899971707
73,Enrolled,0.04306204189199693,0.6034228757404237,0.3535150823675793
74,Enrolled,0.29127345257030046,0.5629496115879177,0.1457769358417819
75,Graduate,0.7492440072672142,0.1977719013254106,0.05298409140737538
76,Graduate,0.9269176874584947,0.051359947480825056,0.02172236506068041
77,Graduate,0.8333275769227414,0.1253085216299823,0.04136390144727645
78,Dropout,0.013985277198626429,0.2038260282623104,0.7821886945390633
79,Graduate,0.4012812392181867,0.2863018191093675,0.3124169416724459
80,Graduate,0.9088893760623695,0.061385158411639766,0.02972546552599058
81,Graduate,0.8862364209491748,0.09343013218519955,0.020333446865625746
82,Enrolled,0.06807924223762563,0.6064816296211293,0.3254391281412452
83,Graduate,0.8211580780040754,0.13424972151399386,0.04459220048193084
84,Graduate,0.8828664457199229,0.0571250532537655,0.06000850102631159
85,Graduate,0.8638268724278295,0.08087271939380383,0.055300408178366796
86,Graduate,0.7373493693876473,0.17168580991385748,0.09096482069849518
87,Graduate,0.7082543366730578,0.1322875369112559,0.15945812641568632
88,Dropout,0.020156313151385562,0.2937504492892257,0.6860932375593888
89,Enrolled,0.4169726312066556,0.4399295293235825,0.14309783946976187
90,Graduate,0.5448117370924939,0.3105046238460439,0.14468363906146228
91,Graduate,0.4417562980949034,0.3714691599970634,0.1867745419080332
92,Graduate,0.9623286997256307,0.027309354708630676,0.010361945565738816
93,Enrolled,0.2545788814710383,0.4810376179348635,0.2643835005940982
94,Graduate,0.6901552234916485,0.20083882539357228,0.10900595111477923
95,Graduate,0.8964630853382232,0.0708970574144641,0.032639857247312824
96,Graduate,0.8913775318447641,0.08061368843246879,0.028008779722767226
97,Graduate,0.7694344753239577,0.13983112394038022,0.09073440073566195
98,Graduate,0.7195617515911514,0.2089055261656534,0.07153272224319518
99,Dropout,0.08243394435428762,0.03093666520015206,0.8866293904455602
100,Dropout,0.0015509920941798518,0.006861597903669791,0.9915874100021504
101,Graduate,0.8701813017849864,0.10782116663269511,0.021997531582318458
102,Dropout,0.00013990231924395662,0.015230593381971316,0.9846295042987846
103,Graduate,0.9212388255276994,0.05982503896652779,0.01893613550577274
104,Dropout,0.013038063670983532,0.3572417080069692,0.6297202283220472
105,Graduate,0.5700211607533753,0.28421358965195964,0.14576524959466514
106,Dropout,0.006980399956169718,0.28706304173346864,0.7059565583103616
107,Graduate,0.5858974021949642,0.22599896981028098,0.18810362799475489
108,Enrolled,0.14228003052697002,0.43754217833854214,0.42017779113448794
109,Graduate,0.914676558011916,0.06204024366866567,0.023283198319418393
110,Dropout,0.15548301876796924,0.12416502791748205,0.7203519533145488
111,Dropout,0.02940322425969774,0.012766944020273811,0.9578298317200284
112,Graduate,0.7381372582113859,0.09998589531032052,0.16187684647829367
113,Graduate,0.892027145654821,0.08261024814352945,0.025362606201649703
114,Graduate,0.8648081205075221,0.05341253872976212,0.08177934076271584
115,Graduate,0.4886645259814215,0.2665776603349926,0.24475781368358585
116,Dropout,7.884746500609605e-05,0.008955087134262003,0.9909660654007318
117,Graduate,0.39797147856692616,0.3422735803330655,0.2597549411000084
118,Dropout,1.2140937319714008e-05,0.020627388339387296,0.979360470723293
119,Dropout,2.2387737287798902e-05,0.012911571924733713,0.9870660403379784
120,Graduate,0.9403393826872823,0.047914930010054334,0.011745687302663378
121,Graduate,0.704066574918057,0.19530561249847284,0.10062781258347014
122,Graduate,0.9077578989851832,0.06131936309561315,0.030922737919203656
123,Dropout,3.45407356907289e-05,0.0739748972207691,0.9259905620435402
124,Graduate,0.8446773441226075,0.0933054365756909,0.06201721930170155
125,Dropout,0.12083026846510496,0.20569511665667686,0.6734746148782182
126,Graduate,0.5798335199245925,0.3540116525351118,0.06615482754029559
127,Graduate,0.9195020643504362,0.0642179039375359,0.016280031712027906
128,Dropout,0.00042007248329975163,0.06506405658991397,0.9345158709267862
129,Graduate,0.9660870916515637,0.024107024169322613,0.00980588417911351
130,Graduate,0.7308291472887373,0.21314543730305843,0.05602541540820439
131,Graduate,0.8348473266660982,0.10440026048584597,0.06075241284805598
132,Graduate,0.6958745478800994,0.2677328294962647,0.03639262262363602
133,Graduate,0.8719941845927127,0.09984165776525966,0.02816415764202765
134,Graduate,0.9073034232968836,0.07032015748393172,0.022376419219184696
135,Graduate,0.8820583095580493,0.08662634008690218,0.03131535035504848
136,Dropout,8.538798809428775e-05,0.005015751626947007,0.9948988603849588
137,Graduate,0.8857043389030653,0.085520912062994,0.02877474903394081
138,Graduate,0.5057461729014007,0.33536541680435045,0.15888841029424874
139,Graduate,0.8211701479768374,0.106747883847856,0.0720819681753065
140,Graduate,0.8374654279378398,0.11331151532828883,0.04922305673387125
141,Dropout,0.09010797531589299,0.12010119638517916,0.7897908282989279
142,Graduate,0.7215261964682388,0.22905571715405357,0.04941808637770757
143,Graduate,0.7441615442416033,0.19855956033414365,0.057278895424252976
144,Graduate,0.9116307033699543,0.05703318347740862,0.031336113152637034
145,Graduate,0.9067445772924102,0.0600710042601902,0.033184418447399576
146,Graduate,0.5516784129336212,0.18426923772300635,0.2640523493433724
147,Dropout,0.11758058014233753,0.11182687402771546,0.770592545829947
148,Enrolled,0.3100184790972859,0.43926117529588987,0.2507203456068242
149,Enrolled,0.02322716171640296,0.7392189844369886,0.23755385384660843
150,Dropout,0.10030023014566714,0.07678845991598751,0.8229113099383454
151,Graduate,0.8280312623313091,0.11967604619782782,0.052292691470863066
152,Dropout,0.0278389618261665,0.3873682206026207,0.5847928175712128
153,Graduate,0.5778381242309812,0.3128912789361674,0.10927059683285131
154,Graduate,0.40241907187873377,0.37973561278348283,0.21784531533778345
155,Dropout,8.797749805390137e-05,0.10764675719956475,0.8922652653023813
156,Graduate,0.7710351003225089,0.10278926946266063,0.1261756302148305
157,Graduate,0.5227587937751316,0.21470755203939626,0.26253365418547214
158,Enrolled,0.15061444280195463,0.5326784416309632,0.31670711556708203
159,Graduate,0.8224590231319224,0.13632722533830055,0.04121375152977696
160,Graduate,0.5705453768608666,0.2916304284388098,0.13782419470032367
161,Dropout,0.00014024925635557366,0.010672561430822443,0.9891871893128221
162,Dropout,0.020859060718693857,0.3949882186731048,0.5841527206082013
163,Graduate,0.5668489981844307,0.26646073335070763,0.16669026846486168
164,Dropout,0.03830389478212345,0.25612119016335916,0.7055749150545174
165,Graduate,0.9061890732497335,0.06181309108483006,0.031997835665436326
166,Enrolled,0.09924482449402848,0.5985155984991836,0.302239577006788
167,Graduate,0.8721151961416678,0.07062954060586525,0.05725526325246694
168,Graduate,0.8355462841742198,0.1383541685643884,0.026099547261391673
169,Graduate,0.8725351595085796,0.06402490263110325,0.06343993786031704
170,Graduate,0.7723528868854345,0.1399280423631319,0.08771907075143365
171,Graduate,0.913538549730086,0.06712557164489344,0.01933587862502074
172,Enrolled,0.1011241687774892,0.6815401820623626,0.21733564916014822
173,Graduate,0.8529532289467285,0.11168978990164072,0.03535698115163078
174,Graduate,0.9614238980156472,0.03128678375910259,0.00728931822525021
175,Dropout,0.0071114205868620705,0.444423565799012,0.5484650136141259
176,Graduate,0.8830065758589787,0.0953732567059093,0.02162016743511205
177,Graduate,0.6191908463596127,0.20898957638447896,0.1718195772559083
178,Enrolled,0.10650482493783134,0.5514247675836155,0.34207040747855316
179,Graduate,0.7796479804826784,0.12481536480877355,0.09553665470854812
180,Dropout,0.00015415851474029983,0.022117541214056614,0.9777283002712032
181,Enrolled,0.38374558761421534,0.434790463305691,0.1814639490800937
182,Graduate,0.5497309040375359,0.2944553131636496,0.15581378279881464
183,Graduate,0.9110025270480903,0.06806322793732489,0.02093424501458487
184,Graduate,0.9039007820973829,0.07656996600856891,0.019529251894048343
185,Enrolled,0.13476659575483882,0.5486022546373702,0.3166311496077908
186,Graduate,0.9422839927990893,0.04629730465309067,0.01141870254782003
187,Graduate,0.6068199846706046,0.2445112279145612,0.14866878741483427
188,Enrolled,0.02719674597984585,0.6074334774408059,0.3653697765793482
189,Graduate,0.9258164797790143,0.05065559744243268,0.02352792277855299
190,Dropout,0.10546412537462502,0.325531458242842,0.569004416382533
191,Dropout,0.14702326615133773,0.0832238297700798,0.7697529040785824
192,Graduate,0.7474370038080891,0.15342104296303122,0.09914195322887971
193,Dropout,0.1846601165693235,0.1651938468703845,0.650146036560292
194,Graduate,0.8936420817684656,0.07815257674563167,0.028205341485902636
195,Dropout,0.0057792696398315975,0.10076301213113893,0.8934577182290294
196,Graduate,0.7347671388313209,0.19804644699964813,0.06718641416903094
197,Graduate,0.5351564168811563,0.2696245003583808,0.19521908276046285
198,Dropout,0.008375226239323968,0.384195621536409,0.607429152224267
199,Graduate,0.7681486666795443,0.14569431634684235,0.08615701697361337
200,Graduate,0.5696623661556519,0.32132379928852056,0.1090138345558276
201,Graduate,0.5833347278730141,0.3245981688673647,0.09206710325962122
202,Graduate,0.7470991343893484,0.14512679637150175,0.10777406923914987
203,Enrolled,0.1618675803860753,0.6841726087064994,0.1539598109074253
204,Graduate,0.871373709229636,0.06561051725184208,0.06301577351852183
205,Enrolled,0.008724001626278602,0.668532385455866,0.32274361291785547
206,Graduate,0.45276915617251046,0.3213560928387704,0.22587475098871904
207,Dropout,0.03055884617249553,0.11033611462237418,0.8591050392051303
208,Dropout,0.0003264213139999878,0.03130702336445605,0.9683665553215439
209,Enrolled,0.018338319033798716,0.5072222870095563,0.4744393939566451
210,Graduate,0.906713027288711,0.055687226457651826,0.03759974625363723
211,Graduate,0.6020222705385841,0.2213784792261942,0.17659925023522155
212,Enrolled,0.0583564491481135,0.6654564942415462,0.2761870566103403
213,Graduate,0.9363516942770662,0.04156742189882891,0.022080883824104985
214,Graduate,0.9311629071842632,0.05047033475222441,0.018366758063512297
215,Dropout,0.007436895306710625,0.23267311458801637,0.759889990105273
216,Dropout,0.006006287926819314,0.212915441544181,0.7810782705289997
217,Graduate,0.49888469458744983,0.2823393494291552,0.21877595598339494
218,Enrolled,0.22280783406400298,0.4601665766721383,0.3170255892638587
219,Graduate,0.679433894562694,0.2203183377134512,0.10024776772385484
220,Enrolled,0.1682885360652578,0.45451554826102597,0.3771959156737162
221,Graduate,0.7713994476399487,0.14054339647646236,0.08805715588358891
222,Graduate,0.9207008056811762,0.05348560045953538,0.025813593859288532
223,Graduate,0.9605390784888462,0.03209458208060007,0.0073663394305538395
224,Enrolled,0.3396265890494301,0.3954812469430689,0.26489216400750093
225,Graduate,0.7298939294925336,0.21550893704394342,0.05459713346352311
226,Enrolled,0.027932438056250525,0.5034695847221463,0.4685979772216032
227,Dropout,0.013145304451950706,0.10404290984386613,0.8828117857041832
228,Dropout,0.30733812723171966,0.19682512526928841,0.4958367474989919
229,Graduate,0.8815154210405328,0.09036337922880051,0.028121199730666648
230,Graduate,0.8245630872739469,0.11602638258627143,0.059410530139781786
231,Dropout,0.053420570678515106,0.04235223361037736,0.9042271957111075
232,Graduate,0.939475356905193,0.04562906545523417,0.014895577639572785
233,Dropout,0.005831817476385239,0.1300152725988712,0.8641529099247436
234,Graduate,0.4731781414656848,0.3320755913949171,0.19474626713939816
235,Dropout,0.0011961049162058674,0.05634374887985877,0.9424601462039354
236,Dropout,0.21174894796983323,0.18753126125248434,0.6007197907776824
237,Graduate,0.9137617268793609,0.07103839906564498,0.015199874054994228
238,Dropout,0.006123708712561662,0.02644808090319289,0.9674282103842454
239,Graduate,0.5379093197117351,0.33528814481785707,0.12680253547040787
240,Graduate,0.9256597225222908,0.05173896951654679,0.02260130796116252
241,Graduate,0.8626756277409136,0.0910114378485445,0.04631293441054189
242,Dropout,0.008439814723041221,0.03041188543378609,0.9611482998431727
243,Enrolled,0.3404151890005757,0.4260520025486237,0.2335328084508006
244,Graduate,0.8944814187414813,0.0778204098944978,0.027698171364020835
245,Dropout,0.00017375945875295097,0.014614412809125704,0.9852118277321213
246,Graduate,0.769587444307262,0.13749483073332358,0.09291772495941449
247,Enrolled,0.16211879034439097,0.4540238759041529,0.3838573337514562
248,Dropout,0.00018721450658444207,0.016970014272458745,0.9828427712209568
249,Graduate,0.9421054389319464,0.046318514960033176,0.011576046108020443
250,Dropout,0.40369191274573063,0.08350930846430059,0.5127987787899688
251,Graduate,0.7681754043375466,0.13647376809040215,0.09535082757205135
252,Graduate,0.8802598641369834,0.08823717268048777,0.03150296318252879
253,Graduate,0.8412019384027575,0.10508111409967227,0.05371694749757028
254,Graduate,0.5974629452689987,0.23418846604304067,0.16834858868796052
255,Dropout,0.00460154372969367,0.15470843547460203,0.8406900207957042
256,Graduate,0.9514085386599327,0.04252019186129002,0.006071269478777311
257,Graduate,0.854541304717854,0.09164783136445434,0.053810863917691736
258,Graduate,0.8278507986820438,0.08009993083578659,0.09204927048216957
259,Enrolled,0.005690306914367294,0.5142504816801654,0.48005921140546737
260,Dropout,0.03523023020574606,0.24389599846981308,0.7208737713244409
261,Graduate,0.8961028949894724,0.06790146670676504,0.035995638303762616
262,Dropout,0.0006094012572372917,0.015559852599023014,0.9838307461437398
263,Dropout,0.09529499098212506,0.4257180204459402,0.47898698857193484
264,Graduate,0.740690378085229,0.09608884796456008,0.16322077395021095
265,Graduate,0.810109276973179,0.09433447310755959,0.09555624991926143
266,Graduate,0.9085472444231673,0.05959944683758129,0.031853308739251414
267,Graduate,0.6201307097146133,0.22285043625834122,0.15701885402704538
268,Dropout,8.711922544623556e-05,0.030209119025447626,0.9697037617491061
269,Dropout,0.0019364439546434538,0.2815705201351356,0.716493035910221
270,Graduate,0.8852745769571254,0.07883728527954142,0.03588813776333307
271,Dropout,6.443547812749685e-05,0.0381674961939009,0.9617680683279716
272,Graduate,0.5575523681200566,0.2513455037383165,0.19110212814162703
273,Dropout,0.001768063571194855,0.010558271731418694,0.9876736646973864
274,Graduate,0.943108906518873,0.03982762281114173,0.01706347066998522
275,Graduate,0.8973409055114508,0.06240585381286325,0.04025324067568584
276,Enrolled,0.14684229682787833,0.5403256782442242,0.3128320249278974
277,Graduate,0.956325308998413,0.03224470171532029,0.01142998928626681
278,Dropout,0.24617834439266006,0.14004187842585947,0.6137797771814804
279,Dropout,0.34190911705703986,0.1835013035141642,0.47458957942879604
280,Graduate,0.5811492360171541,0.32204158748780476,0.0968091764950411
281,Enrolled,0.29127767573262675,0.48988932175572125,0.21883300251165194
282,Dropout,0.00011445948616215324,0.019107481489705296,0.9807780590241325
283,Graduate,0.8959210898866196,0.08845667781244335,0.015622232300937101
284,Dropout,0.1365774840120095,0.10761452742262793,0.7558079885653626
285,Dropout,0.12386081825189123,0.1150742747481883,0.7610649069999205
286,Dropout,8.794995916290608e-05,0.012370578141801246,0.9875414718990358
287,Graduate,0.8340401478270891,0.11897170031776748,0.0469881518551435
288,Graduate,0.8344494042283854,0.08052000511020929,0.08503059066140514
289,Dropout,0.27324714268846445,0.09991001784243769,0.6268428394690979
290,Graduate,0.8980736736297116,0.07069602048711018,0.03123030588317829
291,Dropout,0.1854395054914161,0.3301820366220177,0.48437845788656625
292,Graduate,0.8333389376756049,0.09725546087020098,0.06940560145419432
293,Graduate,0.845564225086011,0.10556024834766331,0.04887552656632568
294,Dropout,0.03540077736791497,0.31520527609063104,0.649393946541454
295,Graduate,0.9511929149590893,0.03639357190777297,0.012413513133137702
296,Dropout,0.0018647565121981333,0.010614694541261153,0.9875205489465407
297,Graduate,0.9157241807342856,0.06949834104578272,0.014777478219931509
298,Enrolled,0.3415320677229847,0.5191153748931131,0.1393525573839022
299,Graduate,0.8397436387133075,0.09754292150350732,0.06271343978318521
300,Graduate,0.8702722989394202,0.08795505390332387,0.04177264715725586
301,Enrolled,0.1266030939218605,0.47391141085052174,0.39948549522761784
302,Graduate,0.8387345091622599,0.08530399708854139,0.07596149374919879
303,Graduate,0.7635387632277971,0.1817753914435499,0.054685845328653004
304,Graduate,0.8840989536217181,0.05518880295361236,0.06071224342466961
305,Graduate,0.8590466874452594,0.08232990174213096,0.05862341081260966
306,Dropout,0.28144479755931995,0.15095837585122981,0.5675968265894503
307,Dropout,0.0218942064478517,0.2853684868252991,0.6927373067268491
308,Dropout,0.21535595105942937,0.27516210180050815,0.5094819471400625
309,Enrolled,0.04182103030275809,0.6173098791485979,0.34086909054864406
310,Dropout,0.012256926308033881,0.19309370970182277,0.7946493639901434
311,Dropout,0.36348181234138077,0.15364298582277716,0.48287520183584215
312,Dropout,0.00039730390919414266,0.014761577624219925,0.9848411184665861
313,Graduate,0.8763941461278132,0.07723477246485104,0.04637108140733584
314,Dropout,0.07475045552293617,0.10009629972348566,0.8251532447535782
315,Graduate,0.8904284663767001,0.08021805266318457,0.02935348096011534
316,Graduate,0.907914874173534,0.04169894089160517,0.050386184934860676
317,Graduate,0.8303786938550181,0.12793054280432808,0.041690763340653886
318,Dropout,0.0008663339263371575,0.03792000144065946,0.9612136646330035
319,Graduate,0.5964081548470666,0.24431823562751756,0.15927360952541592
320,Graduate,0.7314704834235785,0.12962618763466324,0.13890332894175836
321,Enrolled,0.29734722774180916,0.4936283861349149,0.20902438612327595
322,Dropout,0.0009568004748761816,0.009975297890039057,0.9890679016350847
323,Graduate,0.9055838916856043,0.07259644733412497,0.021819660980270855
324,Graduate,0.4267493074372091,0.3546109599121644,0.21863973265062647
325,Graduate,0.6134620463738525,0.25763786351319284,0.12890009011295464
326,Dropout,0.013908474234380895,0.2598371552758743,0.7262543704897447
327,Graduate,0.9368130873468147,0.04096520282623667,0.02222170982694874
328,Graduate,0.8521338562538672,0.10015856530692512,0.04770757843920771
329,Graduate,0.9010742514159827,0.07043796729086425,0.028487781293152874
330,Dropout,0.00012368053278945593,0.019045068014923113,0.9808312514522874
331,Graduate,0.7540431486028301,0.12428134810468047,0.12167550329248934
332,Dropout,0.09447842572140161,0.065150012935315,0.8403715613432834
333,Graduate,0.9522010382029441,0.03814162107755822,0.009657340719497547
334,Graduate,0.9080748849722522,0.07868952714090686,0.01323558788684094
335,Enrolled,0.07311382073689944,0.5132143074561641,0.41367187180693654
336,Dropout,0.07886728481675638,0.19619304759703923,0.7249396675862044
337,Enrolled,0.09703465758319062,0.5333684485489482,0.36959689386786115
338,Enrolled,0.25466262357513403,0.37391043154752596,0.37142694487734
339,Graduate,0.9068666997057904,0.07200900504623194,0.02112429524797766
340,Graduate,0.9544601375979728,0.03789110871488747,0.007648753687139567
341,Graduate,0.9035199931472857,0.06750215727767661,0.02897784957503765
342,Graduate,0.799960762802085,0.11448413694771942,0.08555510025019568
343,Dropout,0.024464114951365173,0.24581050888853792,0.7297253761600969
344,Dropout,0.19182860329148482,0.11477093975349853,0.6934004569550166
345,Graduate,0.9004022578924009,0.06367482050552539,0.03592292160207371
346,Graduate,0.9342804385715842,0.04888233085837293,0.0168372305700431
347,Graduate,0.7831677203903631,0.13024341940435064,0.08658886020528629
348,Graduate,0.895648969184748,0.06276927291317778,0.041581757902074266
349,Graduate,0.9449350335448069,0.041900121580482376,0.013164844874710676
350,Dropout,0.004897286753118154,0.12166176881226265,0.8734409444346193
351,Graduate,0.6463363565752227,0.2538966181750516,0.09976702524972565
352,Dropout,0.2794805217844569,0.2648112213364351,0.455708256879108
353,Dropout,0.09444500664987199,0.08876684775266107,0.8167881455974669
354,Graduate,0.546408041551726,0.34412327693222416,0.10946868151604988
355,Graduate,0.8404019943413129,0.09176062836482418,0.0678373772938629
356,Dropout,0.02420238390745182,0.3092134655064597,0.6665841505860884
357,Dropout,0.0019674111816169295,0.3643926785940128,0.6336399102243703
358,Graduate,0.5035589812663318,0.13937625775714677,0.3570647609765214
359,Dropout,4.4797382867001034e-05,0.033958229628103985,0.9659969729890291
360,Enrolled,0.19742617699026754,0.41090532050133144,0.391668502508401
361,Graduate,0.921289741264258,0.06024434558176059,0.0184659131539813
362,Dropout,0.1999955194352609,0.21978138459220586,0.5802230959725333
363,Dropout,0.20540987627941726,0.15720428131715328,0.6373858424034294
364,Dropout,0.12602412600977153,0.1356505132202104,0.7383253607700181
365,Graduate,0.9351129473209056,0.050296270003334795,0.014590782675759776
366,Dropout,0.00489282851639689,0.060132156377102196,0.9349750151065008
367,Dropout,0.00013562912644540627,0.05970159103561049,0.9401627798379442
368,Graduate,0.627991457235519,0.21959683730154828,0.15241170546293284
369,Enrolled,0.23075168935066923,0.4397967221943466,0.32945158845498407
370,Graduate,0.918150635261704,0.06385548937440187,0.017993875363894022
371,Dropout,0.0091598328003147,0.12169632515695468,0.8691438420427307
372,Graduate,0.9230713127535476,0.05166441231620117,0.025264274930251254
373,Graduate,0.8746363496634689,0.07449223199499631,0.05087141834153481
374,Graduate,0.6979329054859121,0.19178973886667644,0.11027735564741138
375,Dropout,0.007033560464853394,0.14876667428560958,0.8441997652495371
376,Graduate,0.812669846360486,0.1325817049582695,0.05474844868124449
377,Graduate,0.8751331300321624,0.07361788793397528,0.05124898203386227
378,Graduate,0.8944579646574715,0.03450477527324292,0.07103726006928562
379,Graduate,0.94080681625804,0.046299446151207305,0.01289373759075273
380,Dropout,0.0003372003671415411,0.08352067163169481,0.9161421280011637
381,Graduate,0.8959583709401917,0.06993624155111917,0.034105387508689064
382,Enrolled,0.4049498661212711,0.40602121380117945,0.18902892007754943
383,Graduate,0.8832591607342836,0.0691774192361876,0.04756342002952886
384,Graduate,0.8028682552509111,0.12975943187786906,0.06737231287121975
385,Dropout,0.01472221190312197,0.16153286713629209,0.8237449209605859
386,Dropout,0.1819714506740589,0.20984504687549088,0.6081835024504503
387,Graduate,0.8622923599138267,0.08622476885947647,0.05148287122669668
388,Graduate,0.8440309995634899,0.11462486306869081,0.041344137367819396
389,Dropout,0.05268234659846371,0.02768312060508146,0.9196345327964548
390,Graduate,0.8504649456890128,0.11742504719164457,0.0321100071193425
391,Graduate,0.856404709704251,0.11396227981172478,0.0296330104840241
392,Enrolled,0.31236716213833465,0.5408194900295261,0.1468133478321392
393,Dropout,0.0055849592605931335,0.08830645199560497,0.9061085887438018
394,Dropout,0.03726411422569184,0.04750611371000071,0.9152297720643074
395,Graduate,0.9465842762574005,0.03728230049188219,0.016133423250717222
396,Graduate,0.6096474965349783,0.28802034641994195,0.1023321570450798
397,Dropout,0.00033044661538330353,0.2128892433828198,0.7867803100017969
398,Graduate,0.9638602620377344,0.031209922673627936,0.004929815288637517
399,Dropout,0.0003622020562375731,0.06386926662893995,0.9357685313148224
400,Graduate,0.3529683285180554,0.30244644529415854,0.3445852261877861
401,Enrolled,0.39009297749359595,0.43586005328835903,0.17404696921804505
402,Dropout,0.18721018845204923,0.12939520887095823,0.6833946026769925
403,Graduate,0.8743177038743546,0.09140923981721392,0.034273056308431464
404,Enrolled,0.3301160642922235,0.5682536741222758,0.10163026158550059
405,Dropout,0.004817496291736564,0.25779437807295197,0.7373881256353115
406,Graduate,0.5308197381054358,0.32350402975229786,0.14567623214226644
407,Graduate,0.6723768316133543,0.25837836124249,0.06924480714415562
408,Graduate,0.38324604872442036,0.37064252581995205,0.24611142545562759
409,Graduate,0.884432577505129,0.07658808794465317,0.038979334550217654
410,Dropout,0.0008773623668479558,0.11602874444568517,0.8830938931874669
411,Dropout,0.0239984950967583,0.34920538435542453,0.6267961205478172
412,Graduate,0.876607958918893,0.09457041551726994,0.02882162556383716
413,Graduate,0.6481086064190286,0.19706763050205897,0.1548237630789124
414,Dropout,1.4210511166207035e-05,0.014662946008498334,0.9853228434803354
415,Graduate,0.7560721780606289,0.13355452434591505,0.11037329759345609
416,Enrolled,0.05376505417149565,0.7725343504197415,0.1737005954087628
417,Enrolled,0.2644551105491903,0.4492108545264884,0.2863340349243213
418,Dropout,0.09079343286217018,0.13769481877001608,0.7715117483678139
419,Graduate,0.9091338759097431,0.06639101421973101,0.024475109870525976
420,Graduate,0.9046785076456065,0.06299071502613426,0.032330777328259036
421,Graduate,0.821275322737404,0.12454247296510174,0.05418220429749441
422,Dropout,0.013075271468151744,0.439447496857152,0.5474772316746963
423,Graduate,0.7647826940951404,0.13754817375157877,0.09766913215328084
424,Graduate,0.655549407299678,0.2583933063593332,0.08605728634098876
425,Graduate,0.9372761256464422,0.0527461017832457,0.009977772570311861
426,Graduate,0.9345026327340412,0.04910173930743106,0.016395627958527614
427,Graduate,0.7170019898675813,0.2012014294001462,0.08179658073227244
428,Graduate,0.5883507146361533,0.2588732137830582,0.15277607158078851
429,Dropout,0.37433260586367506,0.1443572139706836,0.4813101801656414
430,Dropout,0.0010451613502804105,0.008492381934355454,0.9904624567153641
431,Dropout,0.10573450827110886,0.13674762337372526,0.7575178683551659
432,Graduate,0.6356682233717503,0.2129850894548701,0.15134668717337946
433,Dropout,0.21155985356030643,0.11710915692170497,0.6713309895179885
434,Dropout,0.00045447475957306814,0.005786291499286727,0.9937592337411403
435,Graduate,0.9569144432288634,0.026999539294542626,0.016086017476593967
436,Graduate,0.7557457261849911,0.12433353811816693,0.11992073569684195
437,Graduate,0.7894386594499785,0.10722630237324475,0.10333503817677679
438,Dropout,8.258658260436093e-06,0.012369495537614829,0.9876222458041247
439,Graduate,0.9564147735417806,0.030778968214820665,0.012806258243398708
440,Graduate,0.8086998762470786,0.13358332970331102,0.05771679404961033
441,Graduate,0.7906210066298295,0.15110540011225462,0.05827359325791601
442,Graduate,0.910945942387549,0.06468575929378012,0.024368298318670743
443,Graduate,0.659265064919795,0.2593013270403777,0.08143360803982726
444,Graduate,0.819130026620749,0.1332680856415068,0.04760188773774431
445,Graduate,0.8688347573920226,0.04697293769177458,0.08419230491620291
446,Graduate,0.535511605199718,0.3089041296751932,0.15558426512508894
447,Graduate,0.6601774549592497,0.2394442473444458,0.1003782976963044
448,Graduate,0.8527502176157002,0.09754812722490937,0.04970165515939034
449,Graduate,0.9105488411642614,0.06684790445599292,0.02260325437974576
450,Graduate,0.9475964858853774,0.043060001619239924,0.009343512495382764
451,Graduate,0.8865343961614034,0.07358398264998917,0.03988162118860742
452,Dropout,0.00028004574585471407,0.0036641152486797104,0.9960558390054656
453,Graduate,0.6668835436560371,0.22515487135923576,0.10796158498472705
454,Enrolled,0.022090402296008498,0.6677499709236231,0.3101596267803684
455,Dropout,0.0017414476643801524,0.01903336964872795,0.9792251826868918
456,Graduate,0.8145434987222364,0.12541609925644767,0.06004040202131603
457,Graduate,0.4930372361295878,0.3976607004354854,0.1093020634349267
458,Dropout,0.0072876047598235206,0.019173744833209192,0.9735386504069673
459,Graduate,0.554543138629548,0.3310263759609134,0.11443048540953862
460,Dropout,0.02312673794597369,0.043851581951351734,0.9330216801026745
461,Dropout,0.00044988316330791904,0.05814943149757867,0.9414006853391134
462,Dropout,0.0003200590157735594,0.1383049668681376,0.8613749741160889
463,Graduate,0.7938250436919512,0.15997315246644678,0.04620180384160186
464,Graduate,0.7843158667843488,0.12283753295882154,0.09284660025682963
465,Graduate,0.8878891418335998,0.08981238195473905,0.022298476211661124
466,Graduate,0.7114421110826933,0.20526473453243246,0.0832931543848742
467,Graduate,0.8778648395126767,0.08697984887584051,0.03515531161148271
468,Graduate,0.7144886492602304,0.16767317485162064,0.11783817588814899
469,Dropout,0.04116597926393403,0.1389237679464926,0.8199102527895734
470,Enrolled,0.3052190393591204,0.44579666407398943,0.24898429656689017
471,Dropout,0.02482179724601783,0.23285362494136594,0.7423245778126162
472,Graduate,0.810326493860798,0.09605480442398627,0.09361870171521575
473,Graduate,0.6116909418605135,0.3344529041199448,0.05385615401954164
474,Graduate,0.8781313570951325,0.09258707478418887,0.029281568120678496
475,Dropout,0.06172014471122154,0.46171416103341456,0.476565694255364
476,Dropout,0.11163706565241138,0.07744526467057185,0.8109176696770168
477,Graduate,0.6554639303028323,0.20630746179132226,0.13822860790584543
478,Graduate,0.8884716573753726,0.08138512705425516,0.030143215570372354
479,Graduate,0.8661734576157144,0.08183505213808533,0.051991490246200305
480,Dropout,0.0020759068225167524,0.005357528528454196,0.992566564649029
481,Dropout,0.0025375134563611307,0.22163965017979653,0.7758228363638422
482,Dropout,0.0016043787749591737,0.11016353241079709,0.8882320888142438
483,Dropout,4.4849673133180994e-05,0.04017950813007358,0.9597756421967933
484,Graduate,0.8221621974757268,0.11572535564496977,0.062112446879303465
485,Graduate,0.7792356858062389,0.12012380082514057,0.1006405133686205
486,Enrolled,0.3113275258571444,0.4952666979317428,0.19340577621111268
487,Graduate,0.8937531912090415,0.07348103047854666,0.03276577831241177
488,Dropout,0.114404907417549,0.15590101478944343,0.7296940777930077
489,Graduate,0.8311498386688031,0.134126463157219,0.03472369817397779
490,Dropout,0.2313852878194774,0.32225383448987377,0.44636087769064886
491,Graduate,0.8459862679130444,0.1376717808485412,0.01634195123841424
492,Graduate,0.6436282987545234,0.22389085596773464,0.132480845277742
493,Graduate,0.650442555729629,0.2518568750595526,0.09770056921081843
494,Graduate,0.8024131894381888,0.11919303223875594,0.07839377832305504
495,Dropout,0.1448323383430353,0.17172228211477245,0.6834453795421922
496,Graduate,0.9309196689561012,0.04380034229944876,0.02527998874445001
497,Graduate,0.8993120922383181,0.06455532191106617,0.036132585850615816
498,Graduate,0.4231544912403981,0.4197509369043925,0.15709457185520923
499,Graduate,0.9692858830613947,0.023689790044241085,0.007024326894364159
500,Dropout,0.053981295830954505,0.10696949599516939,0.8390492081738761
501,Enrolled,0.06486485695464206,0.5380383317038042,0.3970968113415537
502,Graduate,0.9051108190333808,0.06691151656900181,0.02797766439761746
503,Graduate,0.9542272701036466,0.03453725399881888,0.011235475897534455
504,Dropout,0.007554666902722251,0.15205200157332113,0.8403933315239566
505,Graduate,0.781347966805401,0.13465164359818135,0.08400038959641767
506,Dropout,0.0030732170025093803,0.28838058238607694,0.7085462006114137
507,Enrolled,0.30804163928903217,0.5559766683233806,0.13598169238758734
508,Graduate,0.6830456804877781,0.2617662193148876,0.05518810019733421
509,Graduate,0.8358350980774709,0.0960178734796105,0.06814702844291864
510,Graduate,0.7380077357246287,0.1573130183655751,0.10467924590979623
511,Graduate,0.6938579286921618,0.15437455301852002,0.15176751828931817
512,Graduate,0.435975153594101,0.3510264847240071,0.2129983616818918
513,Graduate,0.8504402865278544,0.10886848039284992,0.04069123307929572
514,Graduate,0.71918341095489,0.19546239670588283,0.0853541923392272
515,Dropout,0.008341014175941209,0.317992798678806,0.6736661871452528
516,Graduate,0.9649907889487362,0.028334673169312173,0.0066745378819514645
517,Dropout,0.189050975789146,0.32271162639923023,0.4882373978116238
518,Graduate,0.6784874154162159,0.16654815788848104,0.154964426695303
519,Enrolled,0.4107699531274326,0.502349201154859,0.08688084571770842
520,Graduate,0.5093768330420918,0.31370654333856246,0.17691662361934574
521,Graduate,0.46185422733605636,0.23033362774415753,0.30781214491978626
522,Dropout,0.05760308541105756,0.2333609818575303,0.7090359327314121
523,Graduate,0.9304813204689352,0.04842019432473072,0.021098485206334228
524,Dropout,0.15293028142382115,0.342484508493576,0.5045852100826029
525,Graduate,0.8987830690764905,0.05516904876035039,0.04604788216315906
526,Graduate,0.6319723682818855,0.23679984084764172,0.13122779087047273
527,Graduate,0.9289029048383497,0.058294874984603014,0.012802220177047198
528,Graduate,0.7763559011203597,0.13157855027184814,0.09206554860779216
529,Enrolled,0.13898841316514202,0.5946724497954324,0.2663391370394254
530,Graduate,0.92847759752194,0.04935481007519601,0.02216759240286383
531,Dropout,8.502846500624332e-05,0.018463266842317024,0.9814517046926766
532,Graduate,0.6341813503845029,0.2352645396786948,0.1305541099368024
533,Graduate,0.8813345713339514,0.08671893341918838,0.031946495246860204
534,Dropout,0.01372019050148988,0.3251492784325349,0.6611305310659753
535,Dropout,0.3853489009474939,0.1516810579009194,0.46297004115158674
536,Graduate,0.8107479362536206,0.1250137779520764,0.0642382857943029
537,Enrolled,0.015658463648892465,0.6197385048538282,0.36460303149727935
538,Graduate,0.8927869785281938,0.07631070932756383,0.0309023121442423
539,Graduate,0.8227731439373323,0.15611917973118708,0.021107676331480682
540,Dropout,0.24211802577516803,0.18980599440237433,0.5680759798224576
541,Dropout,0.16010963231272735,0.353989166190783,0.4859012014964896
542,Dropout,0.0044940563147478465,0.008831503580242744,0.9866744401050095
543,Graduate,0.7624177344411903,0.14282047264576528,0.0947617929130444
544,Graduate,0.6512621503495127,0.23302302485481063,0.11571482479567663
545,Dropout,0.0026752066280790318,0.02163436115334622,0.9756904322185748
546,Dropout,0.008627536355552806,0.020869333594058383,0.9705031300503889
547,Graduate,0.9355977197630971,0.04977155278929601,0.014630727447606882
548,Dropout,0.00282837579484556,0.009900021606902894,0.9872716025982515
549,Dropout,0.00014684128558436975,0.012286841321283529,0.987566317393132
550,Graduate,0.651135677799098,0.25107252599277585,0.09779179620812609
551,Graduate,0.8771883518433472,0.08852848081953424,0.03428316733711844
552,Graduate,0.7358102439401749,0.16939673282801673,0.09479302323180848
553,Graduate,0.877100907784614,0.0903054726625736,0.03259361955281246
554,Enrolled,0.0348845626508528,0.5775857847989034,0.38752965255024374
555,Graduate,0.9468854676073601,0.03831688549442218,0.01479764689821759
556,Graduate,0.8845131687843424,0.05907825655705129,0.05640857465860644
557,Graduate,0.8904814516406795,0.06358544610891967,0.04593310225040083
